name;frameTime;audspec_lengthL1norm_sma_range;audspec_lengthL1norm_sma_maxPos;audspec_lengthL1norm_sma_minPos;audspec_lengthL1norm_sma_quartile1;audspec_lengthL1norm_sma_quartile2;audspec_lengthL1norm_sma_quartile3;audspec_lengthL1norm_sma_iqr1-2;audspec_lengthL1norm_sma_iqr2-3;audspec_lengthL1norm_sma_iqr1-3;audspec_lengthL1norm_sma_percentile1.0;audspec_lengthL1norm_sma_percentile99.0;audspec_lengthL1norm_sma_pctlrange0-1;audspec_lengthL1norm_sma_stddev;audspec_lengthL1norm_sma_skewness;audspec_lengthL1norm_sma_kurtosis;audspec_lengthL1norm_sma_meanSegLen;audspec_lengthL1norm_sma_maxSegLen;audspec_lengthL1norm_sma_minSegLen;audspec_lengthL1norm_sma_segLenStddev;audspec_lengthL1norm_sma_upleveltime25;audspec_lengthL1norm_sma_upleveltime50;audspec_lengthL1norm_sma_upleveltime75;audspec_lengthL1norm_sma_upleveltime90;audspec_lengthL1norm_sma_risetime;audspec_lengthL1norm_sma_leftctime;audspec_lengthL1norm_sma_lpgain;audspec_lengthL1norm_sma_lpc0;audspec_lengthL1norm_sma_lpc1;audspec_lengthL1norm_sma_lpc2;audspec_lengthL1norm_sma_lpc3;audspec_lengthL1norm_sma_lpc4;audspecRasta_lengthL1norm_sma_range;audspecRasta_lengthL1norm_sma_maxPos;audspecRasta_lengthL1norm_sma_minPos;audspecRasta_lengthL1norm_sma_quartile1;audspecRasta_lengthL1norm_sma_quartile2;audspecRasta_lengthL1norm_sma_quartile3;audspecRasta_lengthL1norm_sma_iqr1-2;audspecRasta_lengthL1norm_sma_iqr2-3;audspecRasta_lengthL1norm_sma_iqr1-3;audspecRasta_lengthL1norm_sma_percentile1.0;audspecRasta_lengthL1norm_sma_percentile99.0;audspecRasta_lengthL1norm_sma_pctlrange0-1;audspecRasta_lengthL1norm_sma_stddev;audspecRasta_lengthL1norm_sma_skewness;audspecRasta_lengthL1norm_sma_kurtosis;audspecRasta_lengthL1norm_sma_meanSegLen;audspecRasta_lengthL1norm_sma_maxSegLen;audspecRasta_lengthL1norm_sma_minSegLen;audspecRasta_lengthL1norm_sma_segLenStddev;audspecRasta_lengthL1norm_sma_upleveltime25;audspecRasta_lengthL1norm_sma_upleveltime50;audspecRasta_lengthL1norm_sma_upleveltime75;audspecRasta_lengthL1norm_sma_upleveltime90;audspecRasta_lengthL1norm_sma_risetime;audspecRasta_lengthL1norm_sma_leftctime;audspecRasta_lengthL1norm_sma_lpgain;audspecRasta_lengthL1norm_sma_lpc0;audspecRasta_lengthL1norm_sma_lpc1;audspecRasta_lengthL1norm_sma_lpc2;audspecRasta_lengthL1norm_sma_lpc3;audspecRasta_lengthL1norm_sma_lpc4;pcm_RMSenergy_sma_range;pcm_RMSenergy_sma_maxPos;pcm_RMSenergy_sma_minPos;pcm_RMSenergy_sma_quartile1;pcm_RMSenergy_sma_quartile2;pcm_RMSenergy_sma_quartile3;pcm_RMSenergy_sma_iqr1-2;pcm_RMSenergy_sma_iqr2-3;pcm_RMSenergy_sma_iqr1-3;pcm_RMSenergy_sma_percentile1.0;pcm_RMSenergy_sma_percentile99.0;pcm_RMSenergy_sma_pctlrange0-1;pcm_RMSenergy_sma_stddev;pcm_RMSenergy_sma_skewness;pcm_RMSenergy_sma_kurtosis;pcm_RMSenergy_sma_meanSegLen;pcm_RMSenergy_sma_maxSegLen;pcm_RMSenergy_sma_minSegLen;pcm_RMSenergy_sma_segLenStddev;pcm_RMSenergy_sma_upleveltime25;pcm_RMSenergy_sma_upleveltime50;pcm_RMSenergy_sma_upleveltime75;pcm_RMSenergy_sma_upleveltime90;pcm_RMSenergy_sma_risetime;pcm_RMSenergy_sma_leftctime;pcm_RMSenergy_sma_lpgain;pcm_RMSenergy_sma_lpc0;pcm_RMSenergy_sma_lpc1;pcm_RMSenergy_sma_lpc2;pcm_RMSenergy_sma_lpc3;pcm_RMSenergy_sma_lpc4;pcm_zcr_sma_range;pcm_zcr_sma_maxPos;pcm_zcr_sma_minPos;pcm_zcr_sma_quartile1;pcm_zcr_sma_quartile2;pcm_zcr_sma_quartile3;pcm_zcr_sma_iqr1-2;pcm_zcr_sma_iqr2-3;pcm_zcr_sma_iqr1-3;pcm_zcr_sma_percentile1.0;pcm_zcr_sma_percentile99.0;pcm_zcr_sma_pctlrange0-1;pcm_zcr_sma_stddev;pcm_zcr_sma_skewness;pcm_zcr_sma_kurtosis;pcm_zcr_sma_meanSegLen;pcm_zcr_sma_maxSegLen;pcm_zcr_sma_minSegLen;pcm_zcr_sma_segLenStddev;pcm_zcr_sma_upleveltime25;pcm_zcr_sma_upleveltime50;pcm_zcr_sma_upleveltime75;pcm_zcr_sma_upleveltime90;pcm_zcr_sma_risetime;pcm_zcr_sma_leftctime;pcm_zcr_sma_lpgain;pcm_zcr_sma_lpc0;pcm_zcr_sma_lpc1;pcm_zcr_sma_lpc2;pcm_zcr_sma_lpc3;pcm_zcr_sma_lpc4;audspec_lengthL1norm_sma_de_range;audspec_lengthL1norm_sma_de_maxPos;audspec_lengthL1norm_sma_de_minPos;audspec_lengthL1norm_sma_de_quartile1;audspec_lengthL1norm_sma_de_quartile2;audspec_lengthL1norm_sma_de_quartile3;audspec_lengthL1norm_sma_de_iqr1-2;audspec_lengthL1norm_sma_de_iqr2-3;audspec_lengthL1norm_sma_de_iqr1-3;audspec_lengthL1norm_sma_de_percentile1.0;audspec_lengthL1norm_sma_de_percentile99.0;audspec_lengthL1norm_sma_de_pctlrange0-1;audspec_lengthL1norm_sma_de_stddev;audspec_lengthL1norm_sma_de_skewness;audspec_lengthL1norm_sma_de_kurtosis;audspec_lengthL1norm_sma_de_meanSegLen;audspec_lengthL1norm_sma_de_maxSegLen;audspec_lengthL1norm_sma_de_minSegLen;audspec_lengthL1norm_sma_de_segLenStddev;audspec_lengthL1norm_sma_de_upleveltime25;audspec_lengthL1norm_sma_de_upleveltime50;audspec_lengthL1norm_sma_de_upleveltime75;audspec_lengthL1norm_sma_de_upleveltime90;audspec_lengthL1norm_sma_de_risetime;audspec_lengthL1norm_sma_de_leftctime;audspec_lengthL1norm_sma_de_lpgain;audspec_lengthL1norm_sma_de_lpc0;audspec_lengthL1norm_sma_de_lpc1;audspec_lengthL1norm_sma_de_lpc2;audspec_lengthL1norm_sma_de_lpc3;audspec_lengthL1norm_sma_de_lpc4;audspecRasta_lengthL1norm_sma_de_range;audspecRasta_lengthL1norm_sma_de_maxPos;audspecRasta_lengthL1norm_sma_de_minPos;audspecRasta_lengthL1norm_sma_de_quartile1;audspecRasta_lengthL1norm_sma_de_quartile2;audspecRasta_lengthL1norm_sma_de_quartile3;audspecRasta_lengthL1norm_sma_de_iqr1-2;audspecRasta_lengthL1norm_sma_de_iqr2-3;audspecRasta_lengthL1norm_sma_de_iqr1-3;audspecRasta_lengthL1norm_sma_de_percentile1.0;audspecRasta_lengthL1norm_sma_de_percentile99.0;audspecRasta_lengthL1norm_sma_de_pctlrange0-1;audspecRasta_lengthL1norm_sma_de_stddev;audspecRasta_lengthL1norm_sma_de_skewness;audspecRasta_lengthL1norm_sma_de_kurtosis;audspecRasta_lengthL1norm_sma_de_meanSegLen;audspecRasta_lengthL1norm_sma_de_maxSegLen;audspecRasta_lengthL1norm_sma_de_minSegLen;audspecRasta_lengthL1norm_sma_de_segLenStddev;audspecRasta_lengthL1norm_sma_de_upleveltime25;audspecRasta_lengthL1norm_sma_de_upleveltime50;audspecRasta_lengthL1norm_sma_de_upleveltime75;audspecRasta_lengthL1norm_sma_de_upleveltime90;audspecRasta_lengthL1norm_sma_de_risetime;audspecRasta_lengthL1norm_sma_de_leftctime;audspecRasta_lengthL1norm_sma_de_lpgain;audspecRasta_lengthL1norm_sma_de_lpc0;audspecRasta_lengthL1norm_sma_de_lpc1;audspecRasta_lengthL1norm_sma_de_lpc2;audspecRasta_lengthL1norm_sma_de_lpc3;audspecRasta_lengthL1norm_sma_de_lpc4;pcm_RMSenergy_sma_de_range;pcm_RMSenergy_sma_de_maxPos;pcm_RMSenergy_sma_de_minPos;pcm_RMSenergy_sma_de_quartile1;pcm_RMSenergy_sma_de_quartile2;pcm_RMSenergy_sma_de_quartile3;pcm_RMSenergy_sma_de_iqr1-2;pcm_RMSenergy_sma_de_iqr2-3;pcm_RMSenergy_sma_de_iqr1-3;pcm_RMSenergy_sma_de_percentile1.0;pcm_RMSenergy_sma_de_percentile99.0;pcm_RMSenergy_sma_de_pctlrange0-1;pcm_RMSenergy_sma_de_stddev;pcm_RMSenergy_sma_de_skewness;pcm_RMSenergy_sma_de_kurtosis;pcm_RMSenergy_sma_de_meanSegLen;pcm_RMSenergy_sma_de_maxSegLen;pcm_RMSenergy_sma_de_minSegLen;pcm_RMSenergy_sma_de_segLenStddev;pcm_RMSenergy_sma_de_upleveltime25;pcm_RMSenergy_sma_de_upleveltime50;pcm_RMSenergy_sma_de_upleveltime75;pcm_RMSenergy_sma_de_upleveltime90;pcm_RMSenergy_sma_de_risetime;pcm_RMSenergy_sma_de_leftctime;pcm_RMSenergy_sma_de_lpgain;pcm_RMSenergy_sma_de_lpc0;pcm_RMSenergy_sma_de_lpc1;pcm_RMSenergy_sma_de_lpc2;pcm_RMSenergy_sma_de_lpc3;pcm_RMSenergy_sma_de_lpc4;pcm_zcr_sma_de_range;pcm_zcr_sma_de_maxPos;pcm_zcr_sma_de_minPos;pcm_zcr_sma_de_quartile1;pcm_zcr_sma_de_quartile2;pcm_zcr_sma_de_quartile3;pcm_zcr_sma_de_iqr1-2;pcm_zcr_sma_de_iqr2-3;pcm_zcr_sma_de_iqr1-3;pcm_zcr_sma_de_percentile1.0;pcm_zcr_sma_de_percentile99.0;pcm_zcr_sma_de_pctlrange0-1;pcm_zcr_sma_de_stddev;pcm_zcr_sma_de_skewness;pcm_zcr_sma_de_kurtosis;pcm_zcr_sma_de_meanSegLen;pcm_zcr_sma_de_maxSegLen;pcm_zcr_sma_de_minSegLen;pcm_zcr_sma_de_segLenStddev;pcm_zcr_sma_de_upleveltime25;pcm_zcr_sma_de_upleveltime50;pcm_zcr_sma_de_upleveltime75;pcm_zcr_sma_de_upleveltime90;pcm_zcr_sma_de_risetime;pcm_zcr_sma_de_leftctime;pcm_zcr_sma_de_lpgain;pcm_zcr_sma_de_lpc0;pcm_zcr_sma_de_lpc1;pcm_zcr_sma_de_lpc2;pcm_zcr_sma_de_lpc3;pcm_zcr_sma_de_lpc4;audSpec_Rfilt_sma[0]_range;audSpec_Rfilt_sma[0]_maxPos;audSpec_Rfilt_sma[0]_minPos;audSpec_Rfilt_sma[0]_quartile1;audSpec_Rfilt_sma[0]_quartile2;audSpec_Rfilt_sma[0]_quartile3;audSpec_Rfilt_sma[0]_iqr1-2;audSpec_Rfilt_sma[0]_iqr2-3;audSpec_Rfilt_sma[0]_iqr1-3;audSpec_Rfilt_sma[0]_percentile1.0;audSpec_Rfilt_sma[0]_percentile99.0;audSpec_Rfilt_sma[0]_pctlrange0-1;audSpec_Rfilt_sma[0]_stddev;audSpec_Rfilt_sma[0]_skewness;audSpec_Rfilt_sma[0]_kurtosis;audSpec_Rfilt_sma[0]_meanSegLen;audSpec_Rfilt_sma[0]_maxSegLen;audSpec_Rfilt_sma[0]_minSegLen;audSpec_Rfilt_sma[0]_segLenStddev;audSpec_Rfilt_sma[0]_upleveltime25;audSpec_Rfilt_sma[0]_upleveltime50;audSpec_Rfilt_sma[0]_upleveltime75;audSpec_Rfilt_sma[0]_upleveltime90;audSpec_Rfilt_sma[0]_risetime;audSpec_Rfilt_sma[0]_leftctime;audSpec_Rfilt_sma[0]_lpgain;audSpec_Rfilt_sma[0]_lpc0;audSpec_Rfilt_sma[0]_lpc1;audSpec_Rfilt_sma[0]_lpc2;audSpec_Rfilt_sma[0]_lpc3;audSpec_Rfilt_sma[0]_lpc4;audSpec_Rfilt_sma[1]_range;audSpec_Rfilt_sma[1]_maxPos;audSpec_Rfilt_sma[1]_minPos;audSpec_Rfilt_sma[1]_quartile1;audSpec_Rfilt_sma[1]_quartile2;audSpec_Rfilt_sma[1]_quartile3;audSpec_Rfilt_sma[1]_iqr1-2;audSpec_Rfilt_sma[1]_iqr2-3;audSpec_Rfilt_sma[1]_iqr1-3;audSpec_Rfilt_sma[1]_percentile1.0;audSpec_Rfilt_sma[1]_percentile99.0;audSpec_Rfilt_sma[1]_pctlrange0-1;audSpec_Rfilt_sma[1]_stddev;audSpec_Rfilt_sma[1]_skewness;audSpec_Rfilt_sma[1]_kurtosis;audSpec_Rfilt_sma[1]_meanSegLen;audSpec_Rfilt_sma[1]_maxSegLen;audSpec_Rfilt_sma[1]_minSegLen;audSpec_Rfilt_sma[1]_segLenStddev;audSpec_Rfilt_sma[1]_upleveltime25;audSpec_Rfilt_sma[1]_upleveltime50;audSpec_Rfilt_sma[1]_upleveltime75;audSpec_Rfilt_sma[1]_upleveltime90;audSpec_Rfilt_sma[1]_risetime;audSpec_Rfilt_sma[1]_leftctime;audSpec_Rfilt_sma[1]_lpgain;audSpec_Rfilt_sma[1]_lpc0;audSpec_Rfilt_sma[1]_lpc1;audSpec_Rfilt_sma[1]_lpc2;audSpec_Rfilt_sma[1]_lpc3;audSpec_Rfilt_sma[1]_lpc4;audSpec_Rfilt_sma[2]_range;audSpec_Rfilt_sma[2]_maxPos;audSpec_Rfilt_sma[2]_minPos;audSpec_Rfilt_sma[2]_quartile1;audSpec_Rfilt_sma[2]_quartile2;audSpec_Rfilt_sma[2]_quartile3;audSpec_Rfilt_sma[2]_iqr1-2;audSpec_Rfilt_sma[2]_iqr2-3;audSpec_Rfilt_sma[2]_iqr1-3;audSpec_Rfilt_sma[2]_percentile1.0;audSpec_Rfilt_sma[2]_percentile99.0;audSpec_Rfilt_sma[2]_pctlrange0-1;audSpec_Rfilt_sma[2]_stddev;audSpec_Rfilt_sma[2]_skewness;audSpec_Rfilt_sma[2]_kurtosis;audSpec_Rfilt_sma[2]_meanSegLen;audSpec_Rfilt_sma[2]_maxSegLen;audSpec_Rfilt_sma[2]_minSegLen;audSpec_Rfilt_sma[2]_segLenStddev;audSpec_Rfilt_sma[2]_upleveltime25;audSpec_Rfilt_sma[2]_upleveltime50;audSpec_Rfilt_sma[2]_upleveltime75;audSpec_Rfilt_sma[2]_upleveltime90;audSpec_Rfilt_sma[2]_risetime;audSpec_Rfilt_sma[2]_leftctime;audSpec_Rfilt_sma[2]_lpgain;audSpec_Rfilt_sma[2]_lpc0;audSpec_Rfilt_sma[2]_lpc1;audSpec_Rfilt_sma[2]_lpc2;audSpec_Rfilt_sma[2]_lpc3;audSpec_Rfilt_sma[2]_lpc4;audSpec_Rfilt_sma[3]_range;audSpec_Rfilt_sma[3]_maxPos;audSpec_Rfilt_sma[3]_minPos;audSpec_Rfilt_sma[3]_quartile1;audSpec_Rfilt_sma[3]_quartile2;audSpec_Rfilt_sma[3]_quartile3;audSpec_Rfilt_sma[3]_iqr1-2;audSpec_Rfilt_sma[3]_iqr2-3;audSpec_Rfilt_sma[3]_iqr1-3;audSpec_Rfilt_sma[3]_percentile1.0;audSpec_Rfilt_sma[3]_percentile99.0;audSpec_Rfilt_sma[3]_pctlrange0-1;audSpec_Rfilt_sma[3]_stddev;audSpec_Rfilt_sma[3]_skewness;audSpec_Rfilt_sma[3]_kurtosis;audSpec_Rfilt_sma[3]_meanSegLen;audSpec_Rfilt_sma[3]_maxSegLen;audSpec_Rfilt_sma[3]_minSegLen;audSpec_Rfilt_sma[3]_segLenStddev;audSpec_Rfilt_sma[3]_upleveltime25;audSpec_Rfilt_sma[3]_upleveltime50;audSpec_Rfilt_sma[3]_upleveltime75;audSpec_Rfilt_sma[3]_upleveltime90;audSpec_Rfilt_sma[3]_risetime;audSpec_Rfilt_sma[3]_leftctime;audSpec_Rfilt_sma[3]_lpgain;audSpec_Rfilt_sma[3]_lpc0;audSpec_Rfilt_sma[3]_lpc1;audSpec_Rfilt_sma[3]_lpc2;audSpec_Rfilt_sma[3]_lpc3;audSpec_Rfilt_sma[3]_lpc4;audSpec_Rfilt_sma[4]_range;audSpec_Rfilt_sma[4]_maxPos;audSpec_Rfilt_sma[4]_minPos;audSpec_Rfilt_sma[4]_quartile1;audSpec_Rfilt_sma[4]_quartile2;audSpec_Rfilt_sma[4]_quartile3;audSpec_Rfilt_sma[4]_iqr1-2;audSpec_Rfilt_sma[4]_iqr2-3;audSpec_Rfilt_sma[4]_iqr1-3;audSpec_Rfilt_sma[4]_percentile1.0;audSpec_Rfilt_sma[4]_percentile99.0;audSpec_Rfilt_sma[4]_pctlrange0-1;audSpec_Rfilt_sma[4]_stddev;audSpec_Rfilt_sma[4]_skewness;audSpec_Rfilt_sma[4]_kurtosis;audSpec_Rfilt_sma[4]_meanSegLen;audSpec_Rfilt_sma[4]_maxSegLen;audSpec_Rfilt_sma[4]_minSegLen;audSpec_Rfilt_sma[4]_segLenStddev;audSpec_Rfilt_sma[4]_upleveltime25;audSpec_Rfilt_sma[4]_upleveltime50;audSpec_Rfilt_sma[4]_upleveltime75;audSpec_Rfilt_sma[4]_upleveltime90;audSpec_Rfilt_sma[4]_risetime;audSpec_Rfilt_sma[4]_leftctime;audSpec_Rfilt_sma[4]_lpgain;audSpec_Rfilt_sma[4]_lpc0;audSpec_Rfilt_sma[4]_lpc1;audSpec_Rfilt_sma[4]_lpc2;audSpec_Rfilt_sma[4]_lpc3;audSpec_Rfilt_sma[4]_lpc4;audSpec_Rfilt_sma[5]_range;audSpec_Rfilt_sma[5]_maxPos;audSpec_Rfilt_sma[5]_minPos;audSpec_Rfilt_sma[5]_quartile1;audSpec_Rfilt_sma[5]_quartile2;audSpec_Rfilt_sma[5]_quartile3;audSpec_Rfilt_sma[5]_iqr1-2;audSpec_Rfilt_sma[5]_iqr2-3;audSpec_Rfilt_sma[5]_iqr1-3;audSpec_Rfilt_sma[5]_percentile1.0;audSpec_Rfilt_sma[5]_percentile99.0;audSpec_Rfilt_sma[5]_pctlrange0-1;audSpec_Rfilt_sma[5]_stddev;audSpec_Rfilt_sma[5]_skewness;audSpec_Rfilt_sma[5]_kurtosis;audSpec_Rfilt_sma[5]_meanSegLen;audSpec_Rfilt_sma[5]_maxSegLen;audSpec_Rfilt_sma[5]_minSegLen;audSpec_Rfilt_sma[5]_segLenStddev;audSpec_Rfilt_sma[5]_upleveltime25;audSpec_Rfilt_sma[5]_upleveltime50;audSpec_Rfilt_sma[5]_upleveltime75;audSpec_Rfilt_sma[5]_upleveltime90;audSpec_Rfilt_sma[5]_risetime;audSpec_Rfilt_sma[5]_leftctime;audSpec_Rfilt_sma[5]_lpgain;audSpec_Rfilt_sma[5]_lpc0;audSpec_Rfilt_sma[5]_lpc1;audSpec_Rfilt_sma[5]_lpc2;audSpec_Rfilt_sma[5]_lpc3;audSpec_Rfilt_sma[5]_lpc4;audSpec_Rfilt_sma[6]_range;audSpec_Rfilt_sma[6]_maxPos;audSpec_Rfilt_sma[6]_minPos;audSpec_Rfilt_sma[6]_quartile1;audSpec_Rfilt_sma[6]_quartile2;audSpec_Rfilt_sma[6]_quartile3;audSpec_Rfilt_sma[6]_iqr1-2;audSpec_Rfilt_sma[6]_iqr2-3;audSpec_Rfilt_sma[6]_iqr1-3;audSpec_Rfilt_sma[6]_percentile1.0;audSpec_Rfilt_sma[6]_percentile99.0;audSpec_Rfilt_sma[6]_pctlrange0-1;audSpec_Rfilt_sma[6]_stddev;audSpec_Rfilt_sma[6]_skewness;audSpec_Rfilt_sma[6]_kurtosis;audSpec_Rfilt_sma[6]_meanSegLen;audSpec_Rfilt_sma[6]_maxSegLen;audSpec_Rfilt_sma[6]_minSegLen;audSpec_Rfilt_sma[6]_segLenStddev;audSpec_Rfilt_sma[6]_upleveltime25;audSpec_Rfilt_sma[6]_upleveltime50;audSpec_Rfilt_sma[6]_upleveltime75;audSpec_Rfilt_sma[6]_upleveltime90;audSpec_Rfilt_sma[6]_risetime;audSpec_Rfilt_sma[6]_leftctime;audSpec_Rfilt_sma[6]_lpgain;audSpec_Rfilt_sma[6]_lpc0;audSpec_Rfilt_sma[6]_lpc1;audSpec_Rfilt_sma[6]_lpc2;audSpec_Rfilt_sma[6]_lpc3;audSpec_Rfilt_sma[6]_lpc4;audSpec_Rfilt_sma[7]_range;audSpec_Rfilt_sma[7]_maxPos;audSpec_Rfilt_sma[7]_minPos;audSpec_Rfilt_sma[7]_quartile1;audSpec_Rfilt_sma[7]_quartile2;audSpec_Rfilt_sma[7]_quartile3;audSpec_Rfilt_sma[7]_iqr1-2;audSpec_Rfilt_sma[7]_iqr2-3;audSpec_Rfilt_sma[7]_iqr1-3;audSpec_Rfilt_sma[7]_percentile1.0;audSpec_Rfilt_sma[7]_percentile99.0;audSpec_Rfilt_sma[7]_pctlrange0-1;audSpec_Rfilt_sma[7]_stddev;audSpec_Rfilt_sma[7]_skewness;audSpec_Rfilt_sma[7]_kurtosis;audSpec_Rfilt_sma[7]_meanSegLen;audSpec_Rfilt_sma[7]_maxSegLen;audSpec_Rfilt_sma[7]_minSegLen;audSpec_Rfilt_sma[7]_segLenStddev;audSpec_Rfilt_sma[7]_upleveltime25;audSpec_Rfilt_sma[7]_upleveltime50;audSpec_Rfilt_sma[7]_upleveltime75;audSpec_Rfilt_sma[7]_upleveltime90;audSpec_Rfilt_sma[7]_risetime;audSpec_Rfilt_sma[7]_leftctime;audSpec_Rfilt_sma[7]_lpgain;audSpec_Rfilt_sma[7]_lpc0;audSpec_Rfilt_sma[7]_lpc1;audSpec_Rfilt_sma[7]_lpc2;audSpec_Rfilt_sma[7]_lpc3;audSpec_Rfilt_sma[7]_lpc4;audSpec_Rfilt_sma[8]_range;audSpec_Rfilt_sma[8]_maxPos;audSpec_Rfilt_sma[8]_minPos;audSpec_Rfilt_sma[8]_quartile1;audSpec_Rfilt_sma[8]_quartile2;audSpec_Rfilt_sma[8]_quartile3;audSpec_Rfilt_sma[8]_iqr1-2;audSpec_Rfilt_sma[8]_iqr2-3;audSpec_Rfilt_sma[8]_iqr1-3;audSpec_Rfilt_sma[8]_percentile1.0;audSpec_Rfilt_sma[8]_percentile99.0;audSpec_Rfilt_sma[8]_pctlrange0-1;audSpec_Rfilt_sma[8]_stddev;audSpec_Rfilt_sma[8]_skewness;audSpec_Rfilt_sma[8]_kurtosis;audSpec_Rfilt_sma[8]_meanSegLen;audSpec_Rfilt_sma[8]_maxSegLen;audSpec_Rfilt_sma[8]_minSegLen;audSpec_Rfilt_sma[8]_segLenStddev;audSpec_Rfilt_sma[8]_upleveltime25;audSpec_Rfilt_sma[8]_upleveltime50;audSpec_Rfilt_sma[8]_upleveltime75;audSpec_Rfilt_sma[8]_upleveltime90;audSpec_Rfilt_sma[8]_risetime;audSpec_Rfilt_sma[8]_leftctime;audSpec_Rfilt_sma[8]_lpgain;audSpec_Rfilt_sma[8]_lpc0;audSpec_Rfilt_sma[8]_lpc1;audSpec_Rfilt_sma[8]_lpc2;audSpec_Rfilt_sma[8]_lpc3;audSpec_Rfilt_sma[8]_lpc4;audSpec_Rfilt_sma[9]_range;audSpec_Rfilt_sma[9]_maxPos;audSpec_Rfilt_sma[9]_minPos;audSpec_Rfilt_sma[9]_quartile1;audSpec_Rfilt_sma[9]_quartile2;audSpec_Rfilt_sma[9]_quartile3;audSpec_Rfilt_sma[9]_iqr1-2;audSpec_Rfilt_sma[9]_iqr2-3;audSpec_Rfilt_sma[9]_iqr1-3;audSpec_Rfilt_sma[9]_percentile1.0;audSpec_Rfilt_sma[9]_percentile99.0;audSpec_Rfilt_sma[9]_pctlrange0-1;audSpec_Rfilt_sma[9]_stddev;audSpec_Rfilt_sma[9]_skewness;audSpec_Rfilt_sma[9]_kurtosis;audSpec_Rfilt_sma[9]_meanSegLen;audSpec_Rfilt_sma[9]_maxSegLen;audSpec_Rfilt_sma[9]_minSegLen;audSpec_Rfilt_sma[9]_segLenStddev;audSpec_Rfilt_sma[9]_upleveltime25;audSpec_Rfilt_sma[9]_upleveltime50;audSpec_Rfilt_sma[9]_upleveltime75;audSpec_Rfilt_sma[9]_upleveltime90;audSpec_Rfilt_sma[9]_risetime;audSpec_Rfilt_sma[9]_leftctime;audSpec_Rfilt_sma[9]_lpgain;audSpec_Rfilt_sma[9]_lpc0;audSpec_Rfilt_sma[9]_lpc1;audSpec_Rfilt_sma[9]_lpc2;audSpec_Rfilt_sma[9]_lpc3;audSpec_Rfilt_sma[9]_lpc4;audSpec_Rfilt_sma[10]_range;audSpec_Rfilt_sma[10]_maxPos;audSpec_Rfilt_sma[10]_minPos;audSpec_Rfilt_sma[10]_quartile1;audSpec_Rfilt_sma[10]_quartile2;audSpec_Rfilt_sma[10]_quartile3;audSpec_Rfilt_sma[10]_iqr1-2;audSpec_Rfilt_sma[10]_iqr2-3;audSpec_Rfilt_sma[10]_iqr1-3;audSpec_Rfilt_sma[10]_percentile1.0;audSpec_Rfilt_sma[10]_percentile99.0;audSpec_Rfilt_sma[10]_pctlrange0-1;audSpec_Rfilt_sma[10]_stddev;audSpec_Rfilt_sma[10]_skewness;audSpec_Rfilt_sma[10]_kurtosis;audSpec_Rfilt_sma[10]_meanSegLen;audSpec_Rfilt_sma[10]_maxSegLen;audSpec_Rfilt_sma[10]_minSegLen;audSpec_Rfilt_sma[10]_segLenStddev;audSpec_Rfilt_sma[10]_upleveltime25;audSpec_Rfilt_sma[10]_upleveltime50;audSpec_Rfilt_sma[10]_upleveltime75;audSpec_Rfilt_sma[10]_upleveltime90;audSpec_Rfilt_sma[10]_risetime;audSpec_Rfilt_sma[10]_leftctime;audSpec_Rfilt_sma[10]_lpgain;audSpec_Rfilt_sma[10]_lpc0;audSpec_Rfilt_sma[10]_lpc1;audSpec_Rfilt_sma[10]_lpc2;audSpec_Rfilt_sma[10]_lpc3;audSpec_Rfilt_sma[10]_lpc4;audSpec_Rfilt_sma[11]_range;audSpec_Rfilt_sma[11]_maxPos;audSpec_Rfilt_sma[11]_minPos;audSpec_Rfilt_sma[11]_quartile1;audSpec_Rfilt_sma[11]_quartile2;audSpec_Rfilt_sma[11]_quartile3;audSpec_Rfilt_sma[11]_iqr1-2;audSpec_Rfilt_sma[11]_iqr2-3;audSpec_Rfilt_sma[11]_iqr1-3;audSpec_Rfilt_sma[11]_percentile1.0;audSpec_Rfilt_sma[11]_percentile99.0;audSpec_Rfilt_sma[11]_pctlrange0-1;audSpec_Rfilt_sma[11]_stddev;audSpec_Rfilt_sma[11]_skewness;audSpec_Rfilt_sma[11]_kurtosis;audSpec_Rfilt_sma[11]_meanSegLen;audSpec_Rfilt_sma[11]_maxSegLen;audSpec_Rfilt_sma[11]_minSegLen;audSpec_Rfilt_sma[11]_segLenStddev;audSpec_Rfilt_sma[11]_upleveltime25;audSpec_Rfilt_sma[11]_upleveltime50;audSpec_Rfilt_sma[11]_upleveltime75;audSpec_Rfilt_sma[11]_upleveltime90;audSpec_Rfilt_sma[11]_risetime;audSpec_Rfilt_sma[11]_leftctime;audSpec_Rfilt_sma[11]_lpgain;audSpec_Rfilt_sma[11]_lpc0;audSpec_Rfilt_sma[11]_lpc1;audSpec_Rfilt_sma[11]_lpc2;audSpec_Rfilt_sma[11]_lpc3;audSpec_Rfilt_sma[11]_lpc4;audSpec_Rfilt_sma[12]_range;audSpec_Rfilt_sma[12]_maxPos;audSpec_Rfilt_sma[12]_minPos;audSpec_Rfilt_sma[12]_quartile1;audSpec_Rfilt_sma[12]_quartile2;audSpec_Rfilt_sma[12]_quartile3;audSpec_Rfilt_sma[12]_iqr1-2;audSpec_Rfilt_sma[12]_iqr2-3;audSpec_Rfilt_sma[12]_iqr1-3;audSpec_Rfilt_sma[12]_percentile1.0;audSpec_Rfilt_sma[12]_percentile99.0;audSpec_Rfilt_sma[12]_pctlrange0-1;audSpec_Rfilt_sma[12]_stddev;audSpec_Rfilt_sma[12]_skewness;audSpec_Rfilt_sma[12]_kurtosis;audSpec_Rfilt_sma[12]_meanSegLen;audSpec_Rfilt_sma[12]_maxSegLen;audSpec_Rfilt_sma[12]_minSegLen;audSpec_Rfilt_sma[12]_segLenStddev;audSpec_Rfilt_sma[12]_upleveltime25;audSpec_Rfilt_sma[12]_upleveltime50;audSpec_Rfilt_sma[12]_upleveltime75;audSpec_Rfilt_sma[12]_upleveltime90;audSpec_Rfilt_sma[12]_risetime;audSpec_Rfilt_sma[12]_leftctime;audSpec_Rfilt_sma[12]_lpgain;audSpec_Rfilt_sma[12]_lpc0;audSpec_Rfilt_sma[12]_lpc1;audSpec_Rfilt_sma[12]_lpc2;audSpec_Rfilt_sma[12]_lpc3;audSpec_Rfilt_sma[12]_lpc4;audSpec_Rfilt_sma[13]_range;audSpec_Rfilt_sma[13]_maxPos;audSpec_Rfilt_sma[13]_minPos;audSpec_Rfilt_sma[13]_quartile1;audSpec_Rfilt_sma[13]_quartile2;audSpec_Rfilt_sma[13]_quartile3;audSpec_Rfilt_sma[13]_iqr1-2;audSpec_Rfilt_sma[13]_iqr2-3;audSpec_Rfilt_sma[13]_iqr1-3;audSpec_Rfilt_sma[13]_percentile1.0;audSpec_Rfilt_sma[13]_percentile99.0;audSpec_Rfilt_sma[13]_pctlrange0-1;audSpec_Rfilt_sma[13]_stddev;audSpec_Rfilt_sma[13]_skewness;audSpec_Rfilt_sma[13]_kurtosis;audSpec_Rfilt_sma[13]_meanSegLen;audSpec_Rfilt_sma[13]_maxSegLen;audSpec_Rfilt_sma[13]_minSegLen;audSpec_Rfilt_sma[13]_segLenStddev;audSpec_Rfilt_sma[13]_upleveltime25;audSpec_Rfilt_sma[13]_upleveltime50;audSpec_Rfilt_sma[13]_upleveltime75;audSpec_Rfilt_sma[13]_upleveltime90;audSpec_Rfilt_sma[13]_risetime;audSpec_Rfilt_sma[13]_leftctime;audSpec_Rfilt_sma[13]_lpgain;audSpec_Rfilt_sma[13]_lpc0;audSpec_Rfilt_sma[13]_lpc1;audSpec_Rfilt_sma[13]_lpc2;audSpec_Rfilt_sma[13]_lpc3;audSpec_Rfilt_sma[13]_lpc4;audSpec_Rfilt_sma[14]_range;audSpec_Rfilt_sma[14]_maxPos;audSpec_Rfilt_sma[14]_minPos;audSpec_Rfilt_sma[14]_quartile1;audSpec_Rfilt_sma[14]_quartile2;audSpec_Rfilt_sma[14]_quartile3;audSpec_Rfilt_sma[14]_iqr1-2;audSpec_Rfilt_sma[14]_iqr2-3;audSpec_Rfilt_sma[14]_iqr1-3;audSpec_Rfilt_sma[14]_percentile1.0;audSpec_Rfilt_sma[14]_percentile99.0;audSpec_Rfilt_sma[14]_pctlrange0-1;audSpec_Rfilt_sma[14]_stddev;audSpec_Rfilt_sma[14]_skewness;audSpec_Rfilt_sma[14]_kurtosis;audSpec_Rfilt_sma[14]_meanSegLen;audSpec_Rfilt_sma[14]_maxSegLen;audSpec_Rfilt_sma[14]_minSegLen;audSpec_Rfilt_sma[14]_segLenStddev;audSpec_Rfilt_sma[14]_upleveltime25;audSpec_Rfilt_sma[14]_upleveltime50;audSpec_Rfilt_sma[14]_upleveltime75;audSpec_Rfilt_sma[14]_upleveltime90;audSpec_Rfilt_sma[14]_risetime;audSpec_Rfilt_sma[14]_leftctime;audSpec_Rfilt_sma[14]_lpgain;audSpec_Rfilt_sma[14]_lpc0;audSpec_Rfilt_sma[14]_lpc1;audSpec_Rfilt_sma[14]_lpc2;audSpec_Rfilt_sma[14]_lpc3;audSpec_Rfilt_sma[14]_lpc4;audSpec_Rfilt_sma[15]_range;audSpec_Rfilt_sma[15]_maxPos;audSpec_Rfilt_sma[15]_minPos;audSpec_Rfilt_sma[15]_quartile1;audSpec_Rfilt_sma[15]_quartile2;audSpec_Rfilt_sma[15]_quartile3;audSpec_Rfilt_sma[15]_iqr1-2;audSpec_Rfilt_sma[15]_iqr2-3;audSpec_Rfilt_sma[15]_iqr1-3;audSpec_Rfilt_sma[15]_percentile1.0;audSpec_Rfilt_sma[15]_percentile99.0;audSpec_Rfilt_sma[15]_pctlrange0-1;audSpec_Rfilt_sma[15]_stddev;audSpec_Rfilt_sma[15]_skewness;audSpec_Rfilt_sma[15]_kurtosis;audSpec_Rfilt_sma[15]_meanSegLen;audSpec_Rfilt_sma[15]_maxSegLen;audSpec_Rfilt_sma[15]_minSegLen;audSpec_Rfilt_sma[15]_segLenStddev;audSpec_Rfilt_sma[15]_upleveltime25;audSpec_Rfilt_sma[15]_upleveltime50;audSpec_Rfilt_sma[15]_upleveltime75;audSpec_Rfilt_sma[15]_upleveltime90;audSpec_Rfilt_sma[15]_risetime;audSpec_Rfilt_sma[15]_leftctime;audSpec_Rfilt_sma[15]_lpgain;audSpec_Rfilt_sma[15]_lpc0;audSpec_Rfilt_sma[15]_lpc1;audSpec_Rfilt_sma[15]_lpc2;audSpec_Rfilt_sma[15]_lpc3;audSpec_Rfilt_sma[15]_lpc4;audSpec_Rfilt_sma[16]_range;audSpec_Rfilt_sma[16]_maxPos;audSpec_Rfilt_sma[16]_minPos;audSpec_Rfilt_sma[16]_quartile1;audSpec_Rfilt_sma[16]_quartile2;audSpec_Rfilt_sma[16]_quartile3;audSpec_Rfilt_sma[16]_iqr1-2;audSpec_Rfilt_sma[16]_iqr2-3;audSpec_Rfilt_sma[16]_iqr1-3;audSpec_Rfilt_sma[16]_percentile1.0;audSpec_Rfilt_sma[16]_percentile99.0;audSpec_Rfilt_sma[16]_pctlrange0-1;audSpec_Rfilt_sma[16]_stddev;audSpec_Rfilt_sma[16]_skewness;audSpec_Rfilt_sma[16]_kurtosis;audSpec_Rfilt_sma[16]_meanSegLen;audSpec_Rfilt_sma[16]_maxSegLen;audSpec_Rfilt_sma[16]_minSegLen;audSpec_Rfilt_sma[16]_segLenStddev;audSpec_Rfilt_sma[16]_upleveltime25;audSpec_Rfilt_sma[16]_upleveltime50;audSpec_Rfilt_sma[16]_upleveltime75;audSpec_Rfilt_sma[16]_upleveltime90;audSpec_Rfilt_sma[16]_risetime;audSpec_Rfilt_sma[16]_leftctime;audSpec_Rfilt_sma[16]_lpgain;audSpec_Rfilt_sma[16]_lpc0;audSpec_Rfilt_sma[16]_lpc1;audSpec_Rfilt_sma[16]_lpc2;audSpec_Rfilt_sma[16]_lpc3;audSpec_Rfilt_sma[16]_lpc4;audSpec_Rfilt_sma[17]_range;audSpec_Rfilt_sma[17]_maxPos;audSpec_Rfilt_sma[17]_minPos;audSpec_Rfilt_sma[17]_quartile1;audSpec_Rfilt_sma[17]_quartile2;audSpec_Rfilt_sma[17]_quartile3;audSpec_Rfilt_sma[17]_iqr1-2;audSpec_Rfilt_sma[17]_iqr2-3;audSpec_Rfilt_sma[17]_iqr1-3;audSpec_Rfilt_sma[17]_percentile1.0;audSpec_Rfilt_sma[17]_percentile99.0;audSpec_Rfilt_sma[17]_pctlrange0-1;audSpec_Rfilt_sma[17]_stddev;audSpec_Rfilt_sma[17]_skewness;audSpec_Rfilt_sma[17]_kurtosis;audSpec_Rfilt_sma[17]_meanSegLen;audSpec_Rfilt_sma[17]_maxSegLen;audSpec_Rfilt_sma[17]_minSegLen;audSpec_Rfilt_sma[17]_segLenStddev;audSpec_Rfilt_sma[17]_upleveltime25;audSpec_Rfilt_sma[17]_upleveltime50;audSpec_Rfilt_sma[17]_upleveltime75;audSpec_Rfilt_sma[17]_upleveltime90;audSpec_Rfilt_sma[17]_risetime;audSpec_Rfilt_sma[17]_leftctime;audSpec_Rfilt_sma[17]_lpgain;audSpec_Rfilt_sma[17]_lpc0;audSpec_Rfilt_sma[17]_lpc1;audSpec_Rfilt_sma[17]_lpc2;audSpec_Rfilt_sma[17]_lpc3;audSpec_Rfilt_sma[17]_lpc4;audSpec_Rfilt_sma[18]_range;audSpec_Rfilt_sma[18]_maxPos;audSpec_Rfilt_sma[18]_minPos;audSpec_Rfilt_sma[18]_quartile1;audSpec_Rfilt_sma[18]_quartile2;audSpec_Rfilt_sma[18]_quartile3;audSpec_Rfilt_sma[18]_iqr1-2;audSpec_Rfilt_sma[18]_iqr2-3;audSpec_Rfilt_sma[18]_iqr1-3;audSpec_Rfilt_sma[18]_percentile1.0;audSpec_Rfilt_sma[18]_percentile99.0;audSpec_Rfilt_sma[18]_pctlrange0-1;audSpec_Rfilt_sma[18]_stddev;audSpec_Rfilt_sma[18]_skewness;audSpec_Rfilt_sma[18]_kurtosis;audSpec_Rfilt_sma[18]_meanSegLen;audSpec_Rfilt_sma[18]_maxSegLen;audSpec_Rfilt_sma[18]_minSegLen;audSpec_Rfilt_sma[18]_segLenStddev;audSpec_Rfilt_sma[18]_upleveltime25;audSpec_Rfilt_sma[18]_upleveltime50;audSpec_Rfilt_sma[18]_upleveltime75;audSpec_Rfilt_sma[18]_upleveltime90;audSpec_Rfilt_sma[18]_risetime;audSpec_Rfilt_sma[18]_leftctime;audSpec_Rfilt_sma[18]_lpgain;audSpec_Rfilt_sma[18]_lpc0;audSpec_Rfilt_sma[18]_lpc1;audSpec_Rfilt_sma[18]_lpc2;audSpec_Rfilt_sma[18]_lpc3;audSpec_Rfilt_sma[18]_lpc4;audSpec_Rfilt_sma[19]_range;audSpec_Rfilt_sma[19]_maxPos;audSpec_Rfilt_sma[19]_minPos;audSpec_Rfilt_sma[19]_quartile1;audSpec_Rfilt_sma[19]_quartile2;audSpec_Rfilt_sma[19]_quartile3;audSpec_Rfilt_sma[19]_iqr1-2;audSpec_Rfilt_sma[19]_iqr2-3;audSpec_Rfilt_sma[19]_iqr1-3;audSpec_Rfilt_sma[19]_percentile1.0;audSpec_Rfilt_sma[19]_percentile99.0;audSpec_Rfilt_sma[19]_pctlrange0-1;audSpec_Rfilt_sma[19]_stddev;audSpec_Rfilt_sma[19]_skewness;audSpec_Rfilt_sma[19]_kurtosis;audSpec_Rfilt_sma[19]_meanSegLen;audSpec_Rfilt_sma[19]_maxSegLen;audSpec_Rfilt_sma[19]_minSegLen;audSpec_Rfilt_sma[19]_segLenStddev;audSpec_Rfilt_sma[19]_upleveltime25;audSpec_Rfilt_sma[19]_upleveltime50;audSpec_Rfilt_sma[19]_upleveltime75;audSpec_Rfilt_sma[19]_upleveltime90;audSpec_Rfilt_sma[19]_risetime;audSpec_Rfilt_sma[19]_leftctime;audSpec_Rfilt_sma[19]_lpgain;audSpec_Rfilt_sma[19]_lpc0;audSpec_Rfilt_sma[19]_lpc1;audSpec_Rfilt_sma[19]_lpc2;audSpec_Rfilt_sma[19]_lpc3;audSpec_Rfilt_sma[19]_lpc4;audSpec_Rfilt_sma[20]_range;audSpec_Rfilt_sma[20]_maxPos;audSpec_Rfilt_sma[20]_minPos;audSpec_Rfilt_sma[20]_quartile1;audSpec_Rfilt_sma[20]_quartile2;audSpec_Rfilt_sma[20]_quartile3;audSpec_Rfilt_sma[20]_iqr1-2;audSpec_Rfilt_sma[20]_iqr2-3;audSpec_Rfilt_sma[20]_iqr1-3;audSpec_Rfilt_sma[20]_percentile1.0;audSpec_Rfilt_sma[20]_percentile99.0;audSpec_Rfilt_sma[20]_pctlrange0-1;audSpec_Rfilt_sma[20]_stddev;audSpec_Rfilt_sma[20]_skewness;audSpec_Rfilt_sma[20]_kurtosis;audSpec_Rfilt_sma[20]_meanSegLen;audSpec_Rfilt_sma[20]_maxSegLen;audSpec_Rfilt_sma[20]_minSegLen;audSpec_Rfilt_sma[20]_segLenStddev;audSpec_Rfilt_sma[20]_upleveltime25;audSpec_Rfilt_sma[20]_upleveltime50;audSpec_Rfilt_sma[20]_upleveltime75;audSpec_Rfilt_sma[20]_upleveltime90;audSpec_Rfilt_sma[20]_risetime;audSpec_Rfilt_sma[20]_leftctime;audSpec_Rfilt_sma[20]_lpgain;audSpec_Rfilt_sma[20]_lpc0;audSpec_Rfilt_sma[20]_lpc1;audSpec_Rfilt_sma[20]_lpc2;audSpec_Rfilt_sma[20]_lpc3;audSpec_Rfilt_sma[20]_lpc4;audSpec_Rfilt_sma[21]_range;audSpec_Rfilt_sma[21]_maxPos;audSpec_Rfilt_sma[21]_minPos;audSpec_Rfilt_sma[21]_quartile1;audSpec_Rfilt_sma[21]_quartile2;audSpec_Rfilt_sma[21]_quartile3;audSpec_Rfilt_sma[21]_iqr1-2;audSpec_Rfilt_sma[21]_iqr2-3;audSpec_Rfilt_sma[21]_iqr1-3;audSpec_Rfilt_sma[21]_percentile1.0;audSpec_Rfilt_sma[21]_percentile99.0;audSpec_Rfilt_sma[21]_pctlrange0-1;audSpec_Rfilt_sma[21]_stddev;audSpec_Rfilt_sma[21]_skewness;audSpec_Rfilt_sma[21]_kurtosis;audSpec_Rfilt_sma[21]_meanSegLen;audSpec_Rfilt_sma[21]_maxSegLen;audSpec_Rfilt_sma[21]_minSegLen;audSpec_Rfilt_sma[21]_segLenStddev;audSpec_Rfilt_sma[21]_upleveltime25;audSpec_Rfilt_sma[21]_upleveltime50;audSpec_Rfilt_sma[21]_upleveltime75;audSpec_Rfilt_sma[21]_upleveltime90;audSpec_Rfilt_sma[21]_risetime;audSpec_Rfilt_sma[21]_leftctime;audSpec_Rfilt_sma[21]_lpgain;audSpec_Rfilt_sma[21]_lpc0;audSpec_Rfilt_sma[21]_lpc1;audSpec_Rfilt_sma[21]_lpc2;audSpec_Rfilt_sma[21]_lpc3;audSpec_Rfilt_sma[21]_lpc4;audSpec_Rfilt_sma[22]_range;audSpec_Rfilt_sma[22]_maxPos;audSpec_Rfilt_sma[22]_minPos;audSpec_Rfilt_sma[22]_quartile1;audSpec_Rfilt_sma[22]_quartile2;audSpec_Rfilt_sma[22]_quartile3;audSpec_Rfilt_sma[22]_iqr1-2;audSpec_Rfilt_sma[22]_iqr2-3;audSpec_Rfilt_sma[22]_iqr1-3;audSpec_Rfilt_sma[22]_percentile1.0;audSpec_Rfilt_sma[22]_percentile99.0;audSpec_Rfilt_sma[22]_pctlrange0-1;audSpec_Rfilt_sma[22]_stddev;audSpec_Rfilt_sma[22]_skewness;audSpec_Rfilt_sma[22]_kurtosis;audSpec_Rfilt_sma[22]_meanSegLen;audSpec_Rfilt_sma[22]_maxSegLen;audSpec_Rfilt_sma[22]_minSegLen;audSpec_Rfilt_sma[22]_segLenStddev;audSpec_Rfilt_sma[22]_upleveltime25;audSpec_Rfilt_sma[22]_upleveltime50;audSpec_Rfilt_sma[22]_upleveltime75;audSpec_Rfilt_sma[22]_upleveltime90;audSpec_Rfilt_sma[22]_risetime;audSpec_Rfilt_sma[22]_leftctime;audSpec_Rfilt_sma[22]_lpgain;audSpec_Rfilt_sma[22]_lpc0;audSpec_Rfilt_sma[22]_lpc1;audSpec_Rfilt_sma[22]_lpc2;audSpec_Rfilt_sma[22]_lpc3;audSpec_Rfilt_sma[22]_lpc4;audSpec_Rfilt_sma[23]_range;audSpec_Rfilt_sma[23]_maxPos;audSpec_Rfilt_sma[23]_minPos;audSpec_Rfilt_sma[23]_quartile1;audSpec_Rfilt_sma[23]_quartile2;audSpec_Rfilt_sma[23]_quartile3;audSpec_Rfilt_sma[23]_iqr1-2;audSpec_Rfilt_sma[23]_iqr2-3;audSpec_Rfilt_sma[23]_iqr1-3;audSpec_Rfilt_sma[23]_percentile1.0;audSpec_Rfilt_sma[23]_percentile99.0;audSpec_Rfilt_sma[23]_pctlrange0-1;audSpec_Rfilt_sma[23]_stddev;audSpec_Rfilt_sma[23]_skewness;audSpec_Rfilt_sma[23]_kurtosis;audSpec_Rfilt_sma[23]_meanSegLen;audSpec_Rfilt_sma[23]_maxSegLen;audSpec_Rfilt_sma[23]_minSegLen;audSpec_Rfilt_sma[23]_segLenStddev;audSpec_Rfilt_sma[23]_upleveltime25;audSpec_Rfilt_sma[23]_upleveltime50;audSpec_Rfilt_sma[23]_upleveltime75;audSpec_Rfilt_sma[23]_upleveltime90;audSpec_Rfilt_sma[23]_risetime;audSpec_Rfilt_sma[23]_leftctime;audSpec_Rfilt_sma[23]_lpgain;audSpec_Rfilt_sma[23]_lpc0;audSpec_Rfilt_sma[23]_lpc1;audSpec_Rfilt_sma[23]_lpc2;audSpec_Rfilt_sma[23]_lpc3;audSpec_Rfilt_sma[23]_lpc4;audSpec_Rfilt_sma[24]_range;audSpec_Rfilt_sma[24]_maxPos;audSpec_Rfilt_sma[24]_minPos;audSpec_Rfilt_sma[24]_quartile1;audSpec_Rfilt_sma[24]_quartile2;audSpec_Rfilt_sma[24]_quartile3;audSpec_Rfilt_sma[24]_iqr1-2;audSpec_Rfilt_sma[24]_iqr2-3;audSpec_Rfilt_sma[24]_iqr1-3;audSpec_Rfilt_sma[24]_percentile1.0;audSpec_Rfilt_sma[24]_percentile99.0;audSpec_Rfilt_sma[24]_pctlrange0-1;audSpec_Rfilt_sma[24]_stddev;audSpec_Rfilt_sma[24]_skewness;audSpec_Rfilt_sma[24]_kurtosis;audSpec_Rfilt_sma[24]_meanSegLen;audSpec_Rfilt_sma[24]_maxSegLen;audSpec_Rfilt_sma[24]_minSegLen;audSpec_Rfilt_sma[24]_segLenStddev;audSpec_Rfilt_sma[24]_upleveltime25;audSpec_Rfilt_sma[24]_upleveltime50;audSpec_Rfilt_sma[24]_upleveltime75;audSpec_Rfilt_sma[24]_upleveltime90;audSpec_Rfilt_sma[24]_risetime;audSpec_Rfilt_sma[24]_leftctime;audSpec_Rfilt_sma[24]_lpgain;audSpec_Rfilt_sma[24]_lpc0;audSpec_Rfilt_sma[24]_lpc1;audSpec_Rfilt_sma[24]_lpc2;audSpec_Rfilt_sma[24]_lpc3;audSpec_Rfilt_sma[24]_lpc4;audSpec_Rfilt_sma[25]_range;audSpec_Rfilt_sma[25]_maxPos;audSpec_Rfilt_sma[25]_minPos;audSpec_Rfilt_sma[25]_quartile1;audSpec_Rfilt_sma[25]_quartile2;audSpec_Rfilt_sma[25]_quartile3;audSpec_Rfilt_sma[25]_iqr1-2;audSpec_Rfilt_sma[25]_iqr2-3;audSpec_Rfilt_sma[25]_iqr1-3;audSpec_Rfilt_sma[25]_percentile1.0;audSpec_Rfilt_sma[25]_percentile99.0;audSpec_Rfilt_sma[25]_pctlrange0-1;audSpec_Rfilt_sma[25]_stddev;audSpec_Rfilt_sma[25]_skewness;audSpec_Rfilt_sma[25]_kurtosis;audSpec_Rfilt_sma[25]_meanSegLen;audSpec_Rfilt_sma[25]_maxSegLen;audSpec_Rfilt_sma[25]_minSegLen;audSpec_Rfilt_sma[25]_segLenStddev;audSpec_Rfilt_sma[25]_upleveltime25;audSpec_Rfilt_sma[25]_upleveltime50;audSpec_Rfilt_sma[25]_upleveltime75;audSpec_Rfilt_sma[25]_upleveltime90;audSpec_Rfilt_sma[25]_risetime;audSpec_Rfilt_sma[25]_leftctime;audSpec_Rfilt_sma[25]_lpgain;audSpec_Rfilt_sma[25]_lpc0;audSpec_Rfilt_sma[25]_lpc1;audSpec_Rfilt_sma[25]_lpc2;audSpec_Rfilt_sma[25]_lpc3;audSpec_Rfilt_sma[25]_lpc4;pcm_fftMag_fband250-650_sma_range;pcm_fftMag_fband250-650_sma_maxPos;pcm_fftMag_fband250-650_sma_minPos;pcm_fftMag_fband250-650_sma_quartile1;pcm_fftMag_fband250-650_sma_quartile2;pcm_fftMag_fband250-650_sma_quartile3;pcm_fftMag_fband250-650_sma_iqr1-2;pcm_fftMag_fband250-650_sma_iqr2-3;pcm_fftMag_fband250-650_sma_iqr1-3;pcm_fftMag_fband250-650_sma_percentile1.0;pcm_fftMag_fband250-650_sma_percentile99.0;pcm_fftMag_fband250-650_sma_pctlrange0-1;pcm_fftMag_fband250-650_sma_stddev;pcm_fftMag_fband250-650_sma_skewness;pcm_fftMag_fband250-650_sma_kurtosis;pcm_fftMag_fband250-650_sma_meanSegLen;pcm_fftMag_fband250-650_sma_maxSegLen;pcm_fftMag_fband250-650_sma_minSegLen;pcm_fftMag_fband250-650_sma_segLenStddev;pcm_fftMag_fband250-650_sma_upleveltime25;pcm_fftMag_fband250-650_sma_upleveltime50;pcm_fftMag_fband250-650_sma_upleveltime75;pcm_fftMag_fband250-650_sma_upleveltime90;pcm_fftMag_fband250-650_sma_risetime;pcm_fftMag_fband250-650_sma_leftctime;pcm_fftMag_fband250-650_sma_lpgain;pcm_fftMag_fband250-650_sma_lpc0;pcm_fftMag_fband250-650_sma_lpc1;pcm_fftMag_fband250-650_sma_lpc2;pcm_fftMag_fband250-650_sma_lpc3;pcm_fftMag_fband250-650_sma_lpc4;pcm_fftMag_fband1000-4000_sma_range;pcm_fftMag_fband1000-4000_sma_maxPos;pcm_fftMag_fband1000-4000_sma_minPos;pcm_fftMag_fband1000-4000_sma_quartile1;pcm_fftMag_fband1000-4000_sma_quartile2;pcm_fftMag_fband1000-4000_sma_quartile3;pcm_fftMag_fband1000-4000_sma_iqr1-2;pcm_fftMag_fband1000-4000_sma_iqr2-3;pcm_fftMag_fband1000-4000_sma_iqr1-3;pcm_fftMag_fband1000-4000_sma_percentile1.0;pcm_fftMag_fband1000-4000_sma_percentile99.0;pcm_fftMag_fband1000-4000_sma_pctlrange0-1;pcm_fftMag_fband1000-4000_sma_stddev;pcm_fftMag_fband1000-4000_sma_skewness;pcm_fftMag_fband1000-4000_sma_kurtosis;pcm_fftMag_fband1000-4000_sma_meanSegLen;pcm_fftMag_fband1000-4000_sma_maxSegLen;pcm_fftMag_fband1000-4000_sma_minSegLen;pcm_fftMag_fband1000-4000_sma_segLenStddev;pcm_fftMag_fband1000-4000_sma_upleveltime25;pcm_fftMag_fband1000-4000_sma_upleveltime50;pcm_fftMag_fband1000-4000_sma_upleveltime75;pcm_fftMag_fband1000-4000_sma_upleveltime90;pcm_fftMag_fband1000-4000_sma_risetime;pcm_fftMag_fband1000-4000_sma_leftctime;pcm_fftMag_fband1000-4000_sma_lpgain;pcm_fftMag_fband1000-4000_sma_lpc0;pcm_fftMag_fband1000-4000_sma_lpc1;pcm_fftMag_fband1000-4000_sma_lpc2;pcm_fftMag_fband1000-4000_sma_lpc3;pcm_fftMag_fband1000-4000_sma_lpc4;pcm_fftMag_spectralRollOff25.0_sma_range;pcm_fftMag_spectralRollOff25.0_sma_maxPos;pcm_fftMag_spectralRollOff25.0_sma_minPos;pcm_fftMag_spectralRollOff25.0_sma_quartile1;pcm_fftMag_spectralRollOff25.0_sma_quartile2;pcm_fftMag_spectralRollOff25.0_sma_quartile3;pcm_fftMag_spectralRollOff25.0_sma_iqr1-2;pcm_fftMag_spectralRollOff25.0_sma_iqr2-3;pcm_fftMag_spectralRollOff25.0_sma_iqr1-3;pcm_fftMag_spectralRollOff25.0_sma_percentile1.0;pcm_fftMag_spectralRollOff25.0_sma_percentile99.0;pcm_fftMag_spectralRollOff25.0_sma_pctlrange0-1;pcm_fftMag_spectralRollOff25.0_sma_stddev;pcm_fftMag_spectralRollOff25.0_sma_skewness;pcm_fftMag_spectralRollOff25.0_sma_kurtosis;pcm_fftMag_spectralRollOff25.0_sma_meanSegLen;pcm_fftMag_spectralRollOff25.0_sma_maxSegLen;pcm_fftMag_spectralRollOff25.0_sma_minSegLen;pcm_fftMag_spectralRollOff25.0_sma_segLenStddev;pcm_fftMag_spectralRollOff25.0_sma_upleveltime25;pcm_fftMag_spectralRollOff25.0_sma_upleveltime50;pcm_fftMag_spectralRollOff25.0_sma_upleveltime75;pcm_fftMag_spectralRollOff25.0_sma_upleveltime90;pcm_fftMag_spectralRollOff25.0_sma_risetime;pcm_fftMag_spectralRollOff25.0_sma_leftctime;pcm_fftMag_spectralRollOff25.0_sma_lpgain;pcm_fftMag_spectralRollOff25.0_sma_lpc0;pcm_fftMag_spectralRollOff25.0_sma_lpc1;pcm_fftMag_spectralRollOff25.0_sma_lpc2;pcm_fftMag_spectralRollOff25.0_sma_lpc3;pcm_fftMag_spectralRollOff25.0_sma_lpc4;pcm_fftMag_spectralRollOff50.0_sma_range;pcm_fftMag_spectralRollOff50.0_sma_maxPos;pcm_fftMag_spectralRollOff50.0_sma_minPos;pcm_fftMag_spectralRollOff50.0_sma_quartile1;pcm_fftMag_spectralRollOff50.0_sma_quartile2;pcm_fftMag_spectralRollOff50.0_sma_quartile3;pcm_fftMag_spectralRollOff50.0_sma_iqr1-2;pcm_fftMag_spectralRollOff50.0_sma_iqr2-3;pcm_fftMag_spectralRollOff50.0_sma_iqr1-3;pcm_fftMag_spectralRollOff50.0_sma_percentile1.0;pcm_fftMag_spectralRollOff50.0_sma_percentile99.0;pcm_fftMag_spectralRollOff50.0_sma_pctlrange0-1;pcm_fftMag_spectralRollOff50.0_sma_stddev;pcm_fftMag_spectralRollOff50.0_sma_skewness;pcm_fftMag_spectralRollOff50.0_sma_kurtosis;pcm_fftMag_spectralRollOff50.0_sma_meanSegLen;pcm_fftMag_spectralRollOff50.0_sma_maxSegLen;pcm_fftMag_spectralRollOff50.0_sma_minSegLen;pcm_fftMag_spectralRollOff50.0_sma_segLenStddev;pcm_fftMag_spectralRollOff50.0_sma_upleveltime25;pcm_fftMag_spectralRollOff50.0_sma_upleveltime50;pcm_fftMag_spectralRollOff50.0_sma_upleveltime75;pcm_fftMag_spectralRollOff50.0_sma_upleveltime90;pcm_fftMag_spectralRollOff50.0_sma_risetime;pcm_fftMag_spectralRollOff50.0_sma_leftctime;pcm_fftMag_spectralRollOff50.0_sma_lpgain;pcm_fftMag_spectralRollOff50.0_sma_lpc0;pcm_fftMag_spectralRollOff50.0_sma_lpc1;pcm_fftMag_spectralRollOff50.0_sma_lpc2;pcm_fftMag_spectralRollOff50.0_sma_lpc3;pcm_fftMag_spectralRollOff50.0_sma_lpc4;pcm_fftMag_spectralRollOff75.0_sma_range;pcm_fftMag_spectralRollOff75.0_sma_maxPos;pcm_fftMag_spectralRollOff75.0_sma_minPos;pcm_fftMag_spectralRollOff75.0_sma_quartile1;pcm_fftMag_spectralRollOff75.0_sma_quartile2;pcm_fftMag_spectralRollOff75.0_sma_quartile3;pcm_fftMag_spectralRollOff75.0_sma_iqr1-2;pcm_fftMag_spectralRollOff75.0_sma_iqr2-3;pcm_fftMag_spectralRollOff75.0_sma_iqr1-3;pcm_fftMag_spectralRollOff75.0_sma_percentile1.0;pcm_fftMag_spectralRollOff75.0_sma_percentile99.0;pcm_fftMag_spectralRollOff75.0_sma_pctlrange0-1;pcm_fftMag_spectralRollOff75.0_sma_stddev;pcm_fftMag_spectralRollOff75.0_sma_skewness;pcm_fftMag_spectralRollOff75.0_sma_kurtosis;pcm_fftMag_spectralRollOff75.0_sma_meanSegLen;pcm_fftMag_spectralRollOff75.0_sma_maxSegLen;pcm_fftMag_spectralRollOff75.0_sma_minSegLen;pcm_fftMag_spectralRollOff75.0_sma_segLenStddev;pcm_fftMag_spectralRollOff75.0_sma_upleveltime25;pcm_fftMag_spectralRollOff75.0_sma_upleveltime50;pcm_fftMag_spectralRollOff75.0_sma_upleveltime75;pcm_fftMag_spectralRollOff75.0_sma_upleveltime90;pcm_fftMag_spectralRollOff75.0_sma_risetime;pcm_fftMag_spectralRollOff75.0_sma_leftctime;pcm_fftMag_spectralRollOff75.0_sma_lpgain;pcm_fftMag_spectralRollOff75.0_sma_lpc0;pcm_fftMag_spectralRollOff75.0_sma_lpc1;pcm_fftMag_spectralRollOff75.0_sma_lpc2;pcm_fftMag_spectralRollOff75.0_sma_lpc3;pcm_fftMag_spectralRollOff75.0_sma_lpc4;pcm_fftMag_spectralRollOff90.0_sma_range;pcm_fftMag_spectralRollOff90.0_sma_maxPos;pcm_fftMag_spectralRollOff90.0_sma_minPos;pcm_fftMag_spectralRollOff90.0_sma_quartile1;pcm_fftMag_spectralRollOff90.0_sma_quartile2;pcm_fftMag_spectralRollOff90.0_sma_quartile3;pcm_fftMag_spectralRollOff90.0_sma_iqr1-2;pcm_fftMag_spectralRollOff90.0_sma_iqr2-3;pcm_fftMag_spectralRollOff90.0_sma_iqr1-3;pcm_fftMag_spectralRollOff90.0_sma_percentile1.0;pcm_fftMag_spectralRollOff90.0_sma_percentile99.0;pcm_fftMag_spectralRollOff90.0_sma_pctlrange0-1;pcm_fftMag_spectralRollOff90.0_sma_stddev;pcm_fftMag_spectralRollOff90.0_sma_skewness;pcm_fftMag_spectralRollOff90.0_sma_kurtosis;pcm_fftMag_spectralRollOff90.0_sma_meanSegLen;pcm_fftMag_spectralRollOff90.0_sma_maxSegLen;pcm_fftMag_spectralRollOff90.0_sma_minSegLen;pcm_fftMag_spectralRollOff90.0_sma_segLenStddev;pcm_fftMag_spectralRollOff90.0_sma_upleveltime25;pcm_fftMag_spectralRollOff90.0_sma_upleveltime50;pcm_fftMag_spectralRollOff90.0_sma_upleveltime75;pcm_fftMag_spectralRollOff90.0_sma_upleveltime90;pcm_fftMag_spectralRollOff90.0_sma_risetime;pcm_fftMag_spectralRollOff90.0_sma_leftctime;pcm_fftMag_spectralRollOff90.0_sma_lpgain;pcm_fftMag_spectralRollOff90.0_sma_lpc0;pcm_fftMag_spectralRollOff90.0_sma_lpc1;pcm_fftMag_spectralRollOff90.0_sma_lpc2;pcm_fftMag_spectralRollOff90.0_sma_lpc3;pcm_fftMag_spectralRollOff90.0_sma_lpc4;pcm_fftMag_spectralFlux_sma_range;pcm_fftMag_spectralFlux_sma_maxPos;pcm_fftMag_spectralFlux_sma_minPos;pcm_fftMag_spectralFlux_sma_quartile1;pcm_fftMag_spectralFlux_sma_quartile2;pcm_fftMag_spectralFlux_sma_quartile3;pcm_fftMag_spectralFlux_sma_iqr1-2;pcm_fftMag_spectralFlux_sma_iqr2-3;pcm_fftMag_spectralFlux_sma_iqr1-3;pcm_fftMag_spectralFlux_sma_percentile1.0;pcm_fftMag_spectralFlux_sma_percentile99.0;pcm_fftMag_spectralFlux_sma_pctlrange0-1;pcm_fftMag_spectralFlux_sma_stddev;pcm_fftMag_spectralFlux_sma_skewness;pcm_fftMag_spectralFlux_sma_kurtosis;pcm_fftMag_spectralFlux_sma_meanSegLen;pcm_fftMag_spectralFlux_sma_maxSegLen;pcm_fftMag_spectralFlux_sma_minSegLen;pcm_fftMag_spectralFlux_sma_segLenStddev;pcm_fftMag_spectralFlux_sma_upleveltime25;pcm_fftMag_spectralFlux_sma_upleveltime50;pcm_fftMag_spectralFlux_sma_upleveltime75;pcm_fftMag_spectralFlux_sma_upleveltime90;pcm_fftMag_spectralFlux_sma_risetime;pcm_fftMag_spectralFlux_sma_leftctime;pcm_fftMag_spectralFlux_sma_lpgain;pcm_fftMag_spectralFlux_sma_lpc0;pcm_fftMag_spectralFlux_sma_lpc1;pcm_fftMag_spectralFlux_sma_lpc2;pcm_fftMag_spectralFlux_sma_lpc3;pcm_fftMag_spectralFlux_sma_lpc4;pcm_fftMag_spectralCentroid_sma_range;pcm_fftMag_spectralCentroid_sma_maxPos;pcm_fftMag_spectralCentroid_sma_minPos;pcm_fftMag_spectralCentroid_sma_quartile1;pcm_fftMag_spectralCentroid_sma_quartile2;pcm_fftMag_spectralCentroid_sma_quartile3;pcm_fftMag_spectralCentroid_sma_iqr1-2;pcm_fftMag_spectralCentroid_sma_iqr2-3;pcm_fftMag_spectralCentroid_sma_iqr1-3;pcm_fftMag_spectralCentroid_sma_percentile1.0;pcm_fftMag_spectralCentroid_sma_percentile99.0;pcm_fftMag_spectralCentroid_sma_pctlrange0-1;pcm_fftMag_spectralCentroid_sma_stddev;pcm_fftMag_spectralCentroid_sma_skewness;pcm_fftMag_spectralCentroid_sma_kurtosis;pcm_fftMag_spectralCentroid_sma_meanSegLen;pcm_fftMag_spectralCentroid_sma_maxSegLen;pcm_fftMag_spectralCentroid_sma_minSegLen;pcm_fftMag_spectralCentroid_sma_segLenStddev;pcm_fftMag_spectralCentroid_sma_upleveltime25;pcm_fftMag_spectralCentroid_sma_upleveltime50;pcm_fftMag_spectralCentroid_sma_upleveltime75;pcm_fftMag_spectralCentroid_sma_upleveltime90;pcm_fftMag_spectralCentroid_sma_risetime;pcm_fftMag_spectralCentroid_sma_leftctime;pcm_fftMag_spectralCentroid_sma_lpgain;pcm_fftMag_spectralCentroid_sma_lpc0;pcm_fftMag_spectralCentroid_sma_lpc1;pcm_fftMag_spectralCentroid_sma_lpc2;pcm_fftMag_spectralCentroid_sma_lpc3;pcm_fftMag_spectralCentroid_sma_lpc4;pcm_fftMag_spectralEntropy_sma_range;pcm_fftMag_spectralEntropy_sma_maxPos;pcm_fftMag_spectralEntropy_sma_minPos;pcm_fftMag_spectralEntropy_sma_quartile1;pcm_fftMag_spectralEntropy_sma_quartile2;pcm_fftMag_spectralEntropy_sma_quartile3;pcm_fftMag_spectralEntropy_sma_iqr1-2;pcm_fftMag_spectralEntropy_sma_iqr2-3;pcm_fftMag_spectralEntropy_sma_iqr1-3;pcm_fftMag_spectralEntropy_sma_percentile1.0;pcm_fftMag_spectralEntropy_sma_percentile99.0;pcm_fftMag_spectralEntropy_sma_pctlrange0-1;pcm_fftMag_spectralEntropy_sma_stddev;pcm_fftMag_spectralEntropy_sma_skewness;pcm_fftMag_spectralEntropy_sma_kurtosis;pcm_fftMag_spectralEntropy_sma_meanSegLen;pcm_fftMag_spectralEntropy_sma_maxSegLen;pcm_fftMag_spectralEntropy_sma_minSegLen;pcm_fftMag_spectralEntropy_sma_segLenStddev;pcm_fftMag_spectralEntropy_sma_upleveltime25;pcm_fftMag_spectralEntropy_sma_upleveltime50;pcm_fftMag_spectralEntropy_sma_upleveltime75;pcm_fftMag_spectralEntropy_sma_upleveltime90;pcm_fftMag_spectralEntropy_sma_risetime;pcm_fftMag_spectralEntropy_sma_leftctime;pcm_fftMag_spectralEntropy_sma_lpgain;pcm_fftMag_spectralEntropy_sma_lpc0;pcm_fftMag_spectralEntropy_sma_lpc1;pcm_fftMag_spectralEntropy_sma_lpc2;pcm_fftMag_spectralEntropy_sma_lpc3;pcm_fftMag_spectralEntropy_sma_lpc4;pcm_fftMag_spectralVariance_sma_range;pcm_fftMag_spectralVariance_sma_maxPos;pcm_fftMag_spectralVariance_sma_minPos;pcm_fftMag_spectralVariance_sma_quartile1;pcm_fftMag_spectralVariance_sma_quartile2;pcm_fftMag_spectralVariance_sma_quartile3;pcm_fftMag_spectralVariance_sma_iqr1-2;pcm_fftMag_spectralVariance_sma_iqr2-3;pcm_fftMag_spectralVariance_sma_iqr1-3;pcm_fftMag_spectralVariance_sma_percentile1.0;pcm_fftMag_spectralVariance_sma_percentile99.0;pcm_fftMag_spectralVariance_sma_pctlrange0-1;pcm_fftMag_spectralVariance_sma_stddev;pcm_fftMag_spectralVariance_sma_skewness;pcm_fftMag_spectralVariance_sma_kurtosis;pcm_fftMag_spectralVariance_sma_meanSegLen;pcm_fftMag_spectralVariance_sma_maxSegLen;pcm_fftMag_spectralVariance_sma_minSegLen;pcm_fftMag_spectralVariance_sma_segLenStddev;pcm_fftMag_spectralVariance_sma_upleveltime25;pcm_fftMag_spectralVariance_sma_upleveltime50;pcm_fftMag_spectralVariance_sma_upleveltime75;pcm_fftMag_spectralVariance_sma_upleveltime90;pcm_fftMag_spectralVariance_sma_risetime;pcm_fftMag_spectralVariance_sma_leftctime;pcm_fftMag_spectralVariance_sma_lpgain;pcm_fftMag_spectralVariance_sma_lpc0;pcm_fftMag_spectralVariance_sma_lpc1;pcm_fftMag_spectralVariance_sma_lpc2;pcm_fftMag_spectralVariance_sma_lpc3;pcm_fftMag_spectralVariance_sma_lpc4;pcm_fftMag_spectralSkewness_sma_range;pcm_fftMag_spectralSkewness_sma_maxPos;pcm_fftMag_spectralSkewness_sma_minPos;pcm_fftMag_spectralSkewness_sma_quartile1;pcm_fftMag_spectralSkewness_sma_quartile2;pcm_fftMag_spectralSkewness_sma_quartile3;pcm_fftMag_spectralSkewness_sma_iqr1-2;pcm_fftMag_spectralSkewness_sma_iqr2-3;pcm_fftMag_spectralSkewness_sma_iqr1-3;pcm_fftMag_spectralSkewness_sma_percentile1.0;pcm_fftMag_spectralSkewness_sma_percentile99.0;pcm_fftMag_spectralSkewness_sma_pctlrange0-1;pcm_fftMag_spectralSkewness_sma_stddev;pcm_fftMag_spectralSkewness_sma_skewness;pcm_fftMag_spectralSkewness_sma_kurtosis;pcm_fftMag_spectralSkewness_sma_meanSegLen;pcm_fftMag_spectralSkewness_sma_maxSegLen;pcm_fftMag_spectralSkewness_sma_minSegLen;pcm_fftMag_spectralSkewness_sma_segLenStddev;pcm_fftMag_spectralSkewness_sma_upleveltime25;pcm_fftMag_spectralSkewness_sma_upleveltime50;pcm_fftMag_spectralSkewness_sma_upleveltime75;pcm_fftMag_spectralSkewness_sma_upleveltime90;pcm_fftMag_spectralSkewness_sma_risetime;pcm_fftMag_spectralSkewness_sma_leftctime;pcm_fftMag_spectralSkewness_sma_lpgain;pcm_fftMag_spectralSkewness_sma_lpc0;pcm_fftMag_spectralSkewness_sma_lpc1;pcm_fftMag_spectralSkewness_sma_lpc2;pcm_fftMag_spectralSkewness_sma_lpc3;pcm_fftMag_spectralSkewness_sma_lpc4;pcm_fftMag_spectralKurtosis_sma_range;pcm_fftMag_spectralKurtosis_sma_maxPos;pcm_fftMag_spectralKurtosis_sma_minPos;pcm_fftMag_spectralKurtosis_sma_quartile1;pcm_fftMag_spectralKurtosis_sma_quartile2;pcm_fftMag_spectralKurtosis_sma_quartile3;pcm_fftMag_spectralKurtosis_sma_iqr1-2;pcm_fftMag_spectralKurtosis_sma_iqr2-3;pcm_fftMag_spectralKurtosis_sma_iqr1-3;pcm_fftMag_spectralKurtosis_sma_percentile1.0;pcm_fftMag_spectralKurtosis_sma_percentile99.0;pcm_fftMag_spectralKurtosis_sma_pctlrange0-1;pcm_fftMag_spectralKurtosis_sma_stddev;pcm_fftMag_spectralKurtosis_sma_skewness;pcm_fftMag_spectralKurtosis_sma_kurtosis;pcm_fftMag_spectralKurtosis_sma_meanSegLen;pcm_fftMag_spectralKurtosis_sma_maxSegLen;pcm_fftMag_spectralKurtosis_sma_minSegLen;pcm_fftMag_spectralKurtosis_sma_segLenStddev;pcm_fftMag_spectralKurtosis_sma_upleveltime25;pcm_fftMag_spectralKurtosis_sma_upleveltime50;pcm_fftMag_spectralKurtosis_sma_upleveltime75;pcm_fftMag_spectralKurtosis_sma_upleveltime90;pcm_fftMag_spectralKurtosis_sma_risetime;pcm_fftMag_spectralKurtosis_sma_leftctime;pcm_fftMag_spectralKurtosis_sma_lpgain;pcm_fftMag_spectralKurtosis_sma_lpc0;pcm_fftMag_spectralKurtosis_sma_lpc1;pcm_fftMag_spectralKurtosis_sma_lpc2;pcm_fftMag_spectralKurtosis_sma_lpc3;pcm_fftMag_spectralKurtosis_sma_lpc4;pcm_fftMag_spectralSlope_sma_range;pcm_fftMag_spectralSlope_sma_maxPos;pcm_fftMag_spectralSlope_sma_minPos;pcm_fftMag_spectralSlope_sma_quartile1;pcm_fftMag_spectralSlope_sma_quartile2;pcm_fftMag_spectralSlope_sma_quartile3;pcm_fftMag_spectralSlope_sma_iqr1-2;pcm_fftMag_spectralSlope_sma_iqr2-3;pcm_fftMag_spectralSlope_sma_iqr1-3;pcm_fftMag_spectralSlope_sma_percentile1.0;pcm_fftMag_spectralSlope_sma_percentile99.0;pcm_fftMag_spectralSlope_sma_pctlrange0-1;pcm_fftMag_spectralSlope_sma_stddev;pcm_fftMag_spectralSlope_sma_skewness;pcm_fftMag_spectralSlope_sma_kurtosis;pcm_fftMag_spectralSlope_sma_meanSegLen;pcm_fftMag_spectralSlope_sma_maxSegLen;pcm_fftMag_spectralSlope_sma_minSegLen;pcm_fftMag_spectralSlope_sma_segLenStddev;pcm_fftMag_spectralSlope_sma_upleveltime25;pcm_fftMag_spectralSlope_sma_upleveltime50;pcm_fftMag_spectralSlope_sma_upleveltime75;pcm_fftMag_spectralSlope_sma_upleveltime90;pcm_fftMag_spectralSlope_sma_risetime;pcm_fftMag_spectralSlope_sma_leftctime;pcm_fftMag_spectralSlope_sma_lpgain;pcm_fftMag_spectralSlope_sma_lpc0;pcm_fftMag_spectralSlope_sma_lpc1;pcm_fftMag_spectralSlope_sma_lpc2;pcm_fftMag_spectralSlope_sma_lpc3;pcm_fftMag_spectralSlope_sma_lpc4;pcm_fftMag_psySharpness_sma_range;pcm_fftMag_psySharpness_sma_maxPos;pcm_fftMag_psySharpness_sma_minPos;pcm_fftMag_psySharpness_sma_quartile1;pcm_fftMag_psySharpness_sma_quartile2;pcm_fftMag_psySharpness_sma_quartile3;pcm_fftMag_psySharpness_sma_iqr1-2;pcm_fftMag_psySharpness_sma_iqr2-3;pcm_fftMag_psySharpness_sma_iqr1-3;pcm_fftMag_psySharpness_sma_percentile1.0;pcm_fftMag_psySharpness_sma_percentile99.0;pcm_fftMag_psySharpness_sma_pctlrange0-1;pcm_fftMag_psySharpness_sma_stddev;pcm_fftMag_psySharpness_sma_skewness;pcm_fftMag_psySharpness_sma_kurtosis;pcm_fftMag_psySharpness_sma_meanSegLen;pcm_fftMag_psySharpness_sma_maxSegLen;pcm_fftMag_psySharpness_sma_minSegLen;pcm_fftMag_psySharpness_sma_segLenStddev;pcm_fftMag_psySharpness_sma_upleveltime25;pcm_fftMag_psySharpness_sma_upleveltime50;pcm_fftMag_psySharpness_sma_upleveltime75;pcm_fftMag_psySharpness_sma_upleveltime90;pcm_fftMag_psySharpness_sma_risetime;pcm_fftMag_psySharpness_sma_leftctime;pcm_fftMag_psySharpness_sma_lpgain;pcm_fftMag_psySharpness_sma_lpc0;pcm_fftMag_psySharpness_sma_lpc1;pcm_fftMag_psySharpness_sma_lpc2;pcm_fftMag_psySharpness_sma_lpc3;pcm_fftMag_psySharpness_sma_lpc4;pcm_fftMag_spectralHarmonicity_sma_range;pcm_fftMag_spectralHarmonicity_sma_maxPos;pcm_fftMag_spectralHarmonicity_sma_minPos;pcm_fftMag_spectralHarmonicity_sma_quartile1;pcm_fftMag_spectralHarmonicity_sma_quartile2;pcm_fftMag_spectralHarmonicity_sma_quartile3;pcm_fftMag_spectralHarmonicity_sma_iqr1-2;pcm_fftMag_spectralHarmonicity_sma_iqr2-3;pcm_fftMag_spectralHarmonicity_sma_iqr1-3;pcm_fftMag_spectralHarmonicity_sma_percentile1.0;pcm_fftMag_spectralHarmonicity_sma_percentile99.0;pcm_fftMag_spectralHarmonicity_sma_pctlrange0-1;pcm_fftMag_spectralHarmonicity_sma_stddev;pcm_fftMag_spectralHarmonicity_sma_skewness;pcm_fftMag_spectralHarmonicity_sma_kurtosis;pcm_fftMag_spectralHarmonicity_sma_meanSegLen;pcm_fftMag_spectralHarmonicity_sma_maxSegLen;pcm_fftMag_spectralHarmonicity_sma_minSegLen;pcm_fftMag_spectralHarmonicity_sma_segLenStddev;pcm_fftMag_spectralHarmonicity_sma_upleveltime25;pcm_fftMag_spectralHarmonicity_sma_upleveltime50;pcm_fftMag_spectralHarmonicity_sma_upleveltime75;pcm_fftMag_spectralHarmonicity_sma_upleveltime90;pcm_fftMag_spectralHarmonicity_sma_risetime;pcm_fftMag_spectralHarmonicity_sma_leftctime;pcm_fftMag_spectralHarmonicity_sma_lpgain;pcm_fftMag_spectralHarmonicity_sma_lpc0;pcm_fftMag_spectralHarmonicity_sma_lpc1;pcm_fftMag_spectralHarmonicity_sma_lpc2;pcm_fftMag_spectralHarmonicity_sma_lpc3;pcm_fftMag_spectralHarmonicity_sma_lpc4;mfcc_sma[1]_range;mfcc_sma[1]_maxPos;mfcc_sma[1]_minPos;mfcc_sma[1]_quartile1;mfcc_sma[1]_quartile2;mfcc_sma[1]_quartile3;mfcc_sma[1]_iqr1-2;mfcc_sma[1]_iqr2-3;mfcc_sma[1]_iqr1-3;mfcc_sma[1]_percentile1.0;mfcc_sma[1]_percentile99.0;mfcc_sma[1]_pctlrange0-1;mfcc_sma[1]_stddev;mfcc_sma[1]_skewness;mfcc_sma[1]_kurtosis;mfcc_sma[1]_meanSegLen;mfcc_sma[1]_maxSegLen;mfcc_sma[1]_minSegLen;mfcc_sma[1]_segLenStddev;mfcc_sma[1]_upleveltime25;mfcc_sma[1]_upleveltime50;mfcc_sma[1]_upleveltime75;mfcc_sma[1]_upleveltime90;mfcc_sma[1]_risetime;mfcc_sma[1]_leftctime;mfcc_sma[1]_lpgain;mfcc_sma[1]_lpc0;mfcc_sma[1]_lpc1;mfcc_sma[1]_lpc2;mfcc_sma[1]_lpc3;mfcc_sma[1]_lpc4;mfcc_sma[2]_range;mfcc_sma[2]_maxPos;mfcc_sma[2]_minPos;mfcc_sma[2]_quartile1;mfcc_sma[2]_quartile2;mfcc_sma[2]_quartile3;mfcc_sma[2]_iqr1-2;mfcc_sma[2]_iqr2-3;mfcc_sma[2]_iqr1-3;mfcc_sma[2]_percentile1.0;mfcc_sma[2]_percentile99.0;mfcc_sma[2]_pctlrange0-1;mfcc_sma[2]_stddev;mfcc_sma[2]_skewness;mfcc_sma[2]_kurtosis;mfcc_sma[2]_meanSegLen;mfcc_sma[2]_maxSegLen;mfcc_sma[2]_minSegLen;mfcc_sma[2]_segLenStddev;mfcc_sma[2]_upleveltime25;mfcc_sma[2]_upleveltime50;mfcc_sma[2]_upleveltime75;mfcc_sma[2]_upleveltime90;mfcc_sma[2]_risetime;mfcc_sma[2]_leftctime;mfcc_sma[2]_lpgain;mfcc_sma[2]_lpc0;mfcc_sma[2]_lpc1;mfcc_sma[2]_lpc2;mfcc_sma[2]_lpc3;mfcc_sma[2]_lpc4;mfcc_sma[3]_range;mfcc_sma[3]_maxPos;mfcc_sma[3]_minPos;mfcc_sma[3]_quartile1;mfcc_sma[3]_quartile2;mfcc_sma[3]_quartile3;mfcc_sma[3]_iqr1-2;mfcc_sma[3]_iqr2-3;mfcc_sma[3]_iqr1-3;mfcc_sma[3]_percentile1.0;mfcc_sma[3]_percentile99.0;mfcc_sma[3]_pctlrange0-1;mfcc_sma[3]_stddev;mfcc_sma[3]_skewness;mfcc_sma[3]_kurtosis;mfcc_sma[3]_meanSegLen;mfcc_sma[3]_maxSegLen;mfcc_sma[3]_minSegLen;mfcc_sma[3]_segLenStddev;mfcc_sma[3]_upleveltime25;mfcc_sma[3]_upleveltime50;mfcc_sma[3]_upleveltime75;mfcc_sma[3]_upleveltime90;mfcc_sma[3]_risetime;mfcc_sma[3]_leftctime;mfcc_sma[3]_lpgain;mfcc_sma[3]_lpc0;mfcc_sma[3]_lpc1;mfcc_sma[3]_lpc2;mfcc_sma[3]_lpc3;mfcc_sma[3]_lpc4;mfcc_sma[4]_range;mfcc_sma[4]_maxPos;mfcc_sma[4]_minPos;mfcc_sma[4]_quartile1;mfcc_sma[4]_quartile2;mfcc_sma[4]_quartile3;mfcc_sma[4]_iqr1-2;mfcc_sma[4]_iqr2-3;mfcc_sma[4]_iqr1-3;mfcc_sma[4]_percentile1.0;mfcc_sma[4]_percentile99.0;mfcc_sma[4]_pctlrange0-1;mfcc_sma[4]_stddev;mfcc_sma[4]_skewness;mfcc_sma[4]_kurtosis;mfcc_sma[4]_meanSegLen;mfcc_sma[4]_maxSegLen;mfcc_sma[4]_minSegLen;mfcc_sma[4]_segLenStddev;mfcc_sma[4]_upleveltime25;mfcc_sma[4]_upleveltime50;mfcc_sma[4]_upleveltime75;mfcc_sma[4]_upleveltime90;mfcc_sma[4]_risetime;mfcc_sma[4]_leftctime;mfcc_sma[4]_lpgain;mfcc_sma[4]_lpc0;mfcc_sma[4]_lpc1;mfcc_sma[4]_lpc2;mfcc_sma[4]_lpc3;mfcc_sma[4]_lpc4;mfcc_sma[5]_range;mfcc_sma[5]_maxPos;mfcc_sma[5]_minPos;mfcc_sma[5]_quartile1;mfcc_sma[5]_quartile2;mfcc_sma[5]_quartile3;mfcc_sma[5]_iqr1-2;mfcc_sma[5]_iqr2-3;mfcc_sma[5]_iqr1-3;mfcc_sma[5]_percentile1.0;mfcc_sma[5]_percentile99.0;mfcc_sma[5]_pctlrange0-1;mfcc_sma[5]_stddev;mfcc_sma[5]_skewness;mfcc_sma[5]_kurtosis;mfcc_sma[5]_meanSegLen;mfcc_sma[5]_maxSegLen;mfcc_sma[5]_minSegLen;mfcc_sma[5]_segLenStddev;mfcc_sma[5]_upleveltime25;mfcc_sma[5]_upleveltime50;mfcc_sma[5]_upleveltime75;mfcc_sma[5]_upleveltime90;mfcc_sma[5]_risetime;mfcc_sma[5]_leftctime;mfcc_sma[5]_lpgain;mfcc_sma[5]_lpc0;mfcc_sma[5]_lpc1;mfcc_sma[5]_lpc2;mfcc_sma[5]_lpc3;mfcc_sma[5]_lpc4;mfcc_sma[6]_range;mfcc_sma[6]_maxPos;mfcc_sma[6]_minPos;mfcc_sma[6]_quartile1;mfcc_sma[6]_quartile2;mfcc_sma[6]_quartile3;mfcc_sma[6]_iqr1-2;mfcc_sma[6]_iqr2-3;mfcc_sma[6]_iqr1-3;mfcc_sma[6]_percentile1.0;mfcc_sma[6]_percentile99.0;mfcc_sma[6]_pctlrange0-1;mfcc_sma[6]_stddev;mfcc_sma[6]_skewness;mfcc_sma[6]_kurtosis;mfcc_sma[6]_meanSegLen;mfcc_sma[6]_maxSegLen;mfcc_sma[6]_minSegLen;mfcc_sma[6]_segLenStddev;mfcc_sma[6]_upleveltime25;mfcc_sma[6]_upleveltime50;mfcc_sma[6]_upleveltime75;mfcc_sma[6]_upleveltime90;mfcc_sma[6]_risetime;mfcc_sma[6]_leftctime;mfcc_sma[6]_lpgain;mfcc_sma[6]_lpc0;mfcc_sma[6]_lpc1;mfcc_sma[6]_lpc2;mfcc_sma[6]_lpc3;mfcc_sma[6]_lpc4;mfcc_sma[7]_range;mfcc_sma[7]_maxPos;mfcc_sma[7]_minPos;mfcc_sma[7]_quartile1;mfcc_sma[7]_quartile2;mfcc_sma[7]_quartile3;mfcc_sma[7]_iqr1-2;mfcc_sma[7]_iqr2-3;mfcc_sma[7]_iqr1-3;mfcc_sma[7]_percentile1.0;mfcc_sma[7]_percentile99.0;mfcc_sma[7]_pctlrange0-1;mfcc_sma[7]_stddev;mfcc_sma[7]_skewness;mfcc_sma[7]_kurtosis;mfcc_sma[7]_meanSegLen;mfcc_sma[7]_maxSegLen;mfcc_sma[7]_minSegLen;mfcc_sma[7]_segLenStddev;mfcc_sma[7]_upleveltime25;mfcc_sma[7]_upleveltime50;mfcc_sma[7]_upleveltime75;mfcc_sma[7]_upleveltime90;mfcc_sma[7]_risetime;mfcc_sma[7]_leftctime;mfcc_sma[7]_lpgain;mfcc_sma[7]_lpc0;mfcc_sma[7]_lpc1;mfcc_sma[7]_lpc2;mfcc_sma[7]_lpc3;mfcc_sma[7]_lpc4;mfcc_sma[8]_range;mfcc_sma[8]_maxPos;mfcc_sma[8]_minPos;mfcc_sma[8]_quartile1;mfcc_sma[8]_quartile2;mfcc_sma[8]_quartile3;mfcc_sma[8]_iqr1-2;mfcc_sma[8]_iqr2-3;mfcc_sma[8]_iqr1-3;mfcc_sma[8]_percentile1.0;mfcc_sma[8]_percentile99.0;mfcc_sma[8]_pctlrange0-1;mfcc_sma[8]_stddev;mfcc_sma[8]_skewness;mfcc_sma[8]_kurtosis;mfcc_sma[8]_meanSegLen;mfcc_sma[8]_maxSegLen;mfcc_sma[8]_minSegLen;mfcc_sma[8]_segLenStddev;mfcc_sma[8]_upleveltime25;mfcc_sma[8]_upleveltime50;mfcc_sma[8]_upleveltime75;mfcc_sma[8]_upleveltime90;mfcc_sma[8]_risetime;mfcc_sma[8]_leftctime;mfcc_sma[8]_lpgain;mfcc_sma[8]_lpc0;mfcc_sma[8]_lpc1;mfcc_sma[8]_lpc2;mfcc_sma[8]_lpc3;mfcc_sma[8]_lpc4;mfcc_sma[9]_range;mfcc_sma[9]_maxPos;mfcc_sma[9]_minPos;mfcc_sma[9]_quartile1;mfcc_sma[9]_quartile2;mfcc_sma[9]_quartile3;mfcc_sma[9]_iqr1-2;mfcc_sma[9]_iqr2-3;mfcc_sma[9]_iqr1-3;mfcc_sma[9]_percentile1.0;mfcc_sma[9]_percentile99.0;mfcc_sma[9]_pctlrange0-1;mfcc_sma[9]_stddev;mfcc_sma[9]_skewness;mfcc_sma[9]_kurtosis;mfcc_sma[9]_meanSegLen;mfcc_sma[9]_maxSegLen;mfcc_sma[9]_minSegLen;mfcc_sma[9]_segLenStddev;mfcc_sma[9]_upleveltime25;mfcc_sma[9]_upleveltime50;mfcc_sma[9]_upleveltime75;mfcc_sma[9]_upleveltime90;mfcc_sma[9]_risetime;mfcc_sma[9]_leftctime;mfcc_sma[9]_lpgain;mfcc_sma[9]_lpc0;mfcc_sma[9]_lpc1;mfcc_sma[9]_lpc2;mfcc_sma[9]_lpc3;mfcc_sma[9]_lpc4;mfcc_sma[10]_range;mfcc_sma[10]_maxPos;mfcc_sma[10]_minPos;mfcc_sma[10]_quartile1;mfcc_sma[10]_quartile2;mfcc_sma[10]_quartile3;mfcc_sma[10]_iqr1-2;mfcc_sma[10]_iqr2-3;mfcc_sma[10]_iqr1-3;mfcc_sma[10]_percentile1.0;mfcc_sma[10]_percentile99.0;mfcc_sma[10]_pctlrange0-1;mfcc_sma[10]_stddev;mfcc_sma[10]_skewness;mfcc_sma[10]_kurtosis;mfcc_sma[10]_meanSegLen;mfcc_sma[10]_maxSegLen;mfcc_sma[10]_minSegLen;mfcc_sma[10]_segLenStddev;mfcc_sma[10]_upleveltime25;mfcc_sma[10]_upleveltime50;mfcc_sma[10]_upleveltime75;mfcc_sma[10]_upleveltime90;mfcc_sma[10]_risetime;mfcc_sma[10]_leftctime;mfcc_sma[10]_lpgain;mfcc_sma[10]_lpc0;mfcc_sma[10]_lpc1;mfcc_sma[10]_lpc2;mfcc_sma[10]_lpc3;mfcc_sma[10]_lpc4;mfcc_sma[11]_range;mfcc_sma[11]_maxPos;mfcc_sma[11]_minPos;mfcc_sma[11]_quartile1;mfcc_sma[11]_quartile2;mfcc_sma[11]_quartile3;mfcc_sma[11]_iqr1-2;mfcc_sma[11]_iqr2-3;mfcc_sma[11]_iqr1-3;mfcc_sma[11]_percentile1.0;mfcc_sma[11]_percentile99.0;mfcc_sma[11]_pctlrange0-1;mfcc_sma[11]_stddev;mfcc_sma[11]_skewness;mfcc_sma[11]_kurtosis;mfcc_sma[11]_meanSegLen;mfcc_sma[11]_maxSegLen;mfcc_sma[11]_minSegLen;mfcc_sma[11]_segLenStddev;mfcc_sma[11]_upleveltime25;mfcc_sma[11]_upleveltime50;mfcc_sma[11]_upleveltime75;mfcc_sma[11]_upleveltime90;mfcc_sma[11]_risetime;mfcc_sma[11]_leftctime;mfcc_sma[11]_lpgain;mfcc_sma[11]_lpc0;mfcc_sma[11]_lpc1;mfcc_sma[11]_lpc2;mfcc_sma[11]_lpc3;mfcc_sma[11]_lpc4;mfcc_sma[12]_range;mfcc_sma[12]_maxPos;mfcc_sma[12]_minPos;mfcc_sma[12]_quartile1;mfcc_sma[12]_quartile2;mfcc_sma[12]_quartile3;mfcc_sma[12]_iqr1-2;mfcc_sma[12]_iqr2-3;mfcc_sma[12]_iqr1-3;mfcc_sma[12]_percentile1.0;mfcc_sma[12]_percentile99.0;mfcc_sma[12]_pctlrange0-1;mfcc_sma[12]_stddev;mfcc_sma[12]_skewness;mfcc_sma[12]_kurtosis;mfcc_sma[12]_meanSegLen;mfcc_sma[12]_maxSegLen;mfcc_sma[12]_minSegLen;mfcc_sma[12]_segLenStddev;mfcc_sma[12]_upleveltime25;mfcc_sma[12]_upleveltime50;mfcc_sma[12]_upleveltime75;mfcc_sma[12]_upleveltime90;mfcc_sma[12]_risetime;mfcc_sma[12]_leftctime;mfcc_sma[12]_lpgain;mfcc_sma[12]_lpc0;mfcc_sma[12]_lpc1;mfcc_sma[12]_lpc2;mfcc_sma[12]_lpc3;mfcc_sma[12]_lpc4;mfcc_sma[13]_range;mfcc_sma[13]_maxPos;mfcc_sma[13]_minPos;mfcc_sma[13]_quartile1;mfcc_sma[13]_quartile2;mfcc_sma[13]_quartile3;mfcc_sma[13]_iqr1-2;mfcc_sma[13]_iqr2-3;mfcc_sma[13]_iqr1-3;mfcc_sma[13]_percentile1.0;mfcc_sma[13]_percentile99.0;mfcc_sma[13]_pctlrange0-1;mfcc_sma[13]_stddev;mfcc_sma[13]_skewness;mfcc_sma[13]_kurtosis;mfcc_sma[13]_meanSegLen;mfcc_sma[13]_maxSegLen;mfcc_sma[13]_minSegLen;mfcc_sma[13]_segLenStddev;mfcc_sma[13]_upleveltime25;mfcc_sma[13]_upleveltime50;mfcc_sma[13]_upleveltime75;mfcc_sma[13]_upleveltime90;mfcc_sma[13]_risetime;mfcc_sma[13]_leftctime;mfcc_sma[13]_lpgain;mfcc_sma[13]_lpc0;mfcc_sma[13]_lpc1;mfcc_sma[13]_lpc2;mfcc_sma[13]_lpc3;mfcc_sma[13]_lpc4;mfcc_sma[14]_range;mfcc_sma[14]_maxPos;mfcc_sma[14]_minPos;mfcc_sma[14]_quartile1;mfcc_sma[14]_quartile2;mfcc_sma[14]_quartile3;mfcc_sma[14]_iqr1-2;mfcc_sma[14]_iqr2-3;mfcc_sma[14]_iqr1-3;mfcc_sma[14]_percentile1.0;mfcc_sma[14]_percentile99.0;mfcc_sma[14]_pctlrange0-1;mfcc_sma[14]_stddev;mfcc_sma[14]_skewness;mfcc_sma[14]_kurtosis;mfcc_sma[14]_meanSegLen;mfcc_sma[14]_maxSegLen;mfcc_sma[14]_minSegLen;mfcc_sma[14]_segLenStddev;mfcc_sma[14]_upleveltime25;mfcc_sma[14]_upleveltime50;mfcc_sma[14]_upleveltime75;mfcc_sma[14]_upleveltime90;mfcc_sma[14]_risetime;mfcc_sma[14]_leftctime;mfcc_sma[14]_lpgain;mfcc_sma[14]_lpc0;mfcc_sma[14]_lpc1;mfcc_sma[14]_lpc2;mfcc_sma[14]_lpc3;mfcc_sma[14]_lpc4;audSpec_Rfilt_sma_de[0]_range;audSpec_Rfilt_sma_de[0]_maxPos;audSpec_Rfilt_sma_de[0]_minPos;audSpec_Rfilt_sma_de[0]_quartile1;audSpec_Rfilt_sma_de[0]_quartile2;audSpec_Rfilt_sma_de[0]_quartile3;audSpec_Rfilt_sma_de[0]_iqr1-2;audSpec_Rfilt_sma_de[0]_iqr2-3;audSpec_Rfilt_sma_de[0]_iqr1-3;audSpec_Rfilt_sma_de[0]_percentile1.0;audSpec_Rfilt_sma_de[0]_percentile99.0;audSpec_Rfilt_sma_de[0]_pctlrange0-1;audSpec_Rfilt_sma_de[0]_stddev;audSpec_Rfilt_sma_de[0]_skewness;audSpec_Rfilt_sma_de[0]_kurtosis;audSpec_Rfilt_sma_de[0]_meanSegLen;audSpec_Rfilt_sma_de[0]_maxSegLen;audSpec_Rfilt_sma_de[0]_minSegLen;audSpec_Rfilt_sma_de[0]_segLenStddev;audSpec_Rfilt_sma_de[0]_upleveltime25;audSpec_Rfilt_sma_de[0]_upleveltime50;audSpec_Rfilt_sma_de[0]_upleveltime75;audSpec_Rfilt_sma_de[0]_upleveltime90;audSpec_Rfilt_sma_de[0]_risetime;audSpec_Rfilt_sma_de[0]_leftctime;audSpec_Rfilt_sma_de[0]_lpgain;audSpec_Rfilt_sma_de[0]_lpc0;audSpec_Rfilt_sma_de[0]_lpc1;audSpec_Rfilt_sma_de[0]_lpc2;audSpec_Rfilt_sma_de[0]_lpc3;audSpec_Rfilt_sma_de[0]_lpc4;audSpec_Rfilt_sma_de[1]_range;audSpec_Rfilt_sma_de[1]_maxPos;audSpec_Rfilt_sma_de[1]_minPos;audSpec_Rfilt_sma_de[1]_quartile1;audSpec_Rfilt_sma_de[1]_quartile2;audSpec_Rfilt_sma_de[1]_quartile3;audSpec_Rfilt_sma_de[1]_iqr1-2;audSpec_Rfilt_sma_de[1]_iqr2-3;audSpec_Rfilt_sma_de[1]_iqr1-3;audSpec_Rfilt_sma_de[1]_percentile1.0;audSpec_Rfilt_sma_de[1]_percentile99.0;audSpec_Rfilt_sma_de[1]_pctlrange0-1;audSpec_Rfilt_sma_de[1]_stddev;audSpec_Rfilt_sma_de[1]_skewness;audSpec_Rfilt_sma_de[1]_kurtosis;audSpec_Rfilt_sma_de[1]_meanSegLen;audSpec_Rfilt_sma_de[1]_maxSegLen;audSpec_Rfilt_sma_de[1]_minSegLen;audSpec_Rfilt_sma_de[1]_segLenStddev;audSpec_Rfilt_sma_de[1]_upleveltime25;audSpec_Rfilt_sma_de[1]_upleveltime50;audSpec_Rfilt_sma_de[1]_upleveltime75;audSpec_Rfilt_sma_de[1]_upleveltime90;audSpec_Rfilt_sma_de[1]_risetime;audSpec_Rfilt_sma_de[1]_leftctime;audSpec_Rfilt_sma_de[1]_lpgain;audSpec_Rfilt_sma_de[1]_lpc0;audSpec_Rfilt_sma_de[1]_lpc1;audSpec_Rfilt_sma_de[1]_lpc2;audSpec_Rfilt_sma_de[1]_lpc3;audSpec_Rfilt_sma_de[1]_lpc4;audSpec_Rfilt_sma_de[2]_range;audSpec_Rfilt_sma_de[2]_maxPos;audSpec_Rfilt_sma_de[2]_minPos;audSpec_Rfilt_sma_de[2]_quartile1;audSpec_Rfilt_sma_de[2]_quartile2;audSpec_Rfilt_sma_de[2]_quartile3;audSpec_Rfilt_sma_de[2]_iqr1-2;audSpec_Rfilt_sma_de[2]_iqr2-3;audSpec_Rfilt_sma_de[2]_iqr1-3;audSpec_Rfilt_sma_de[2]_percentile1.0;audSpec_Rfilt_sma_de[2]_percentile99.0;audSpec_Rfilt_sma_de[2]_pctlrange0-1;audSpec_Rfilt_sma_de[2]_stddev;audSpec_Rfilt_sma_de[2]_skewness;audSpec_Rfilt_sma_de[2]_kurtosis;audSpec_Rfilt_sma_de[2]_meanSegLen;audSpec_Rfilt_sma_de[2]_maxSegLen;audSpec_Rfilt_sma_de[2]_minSegLen;audSpec_Rfilt_sma_de[2]_segLenStddev;audSpec_Rfilt_sma_de[2]_upleveltime25;audSpec_Rfilt_sma_de[2]_upleveltime50;audSpec_Rfilt_sma_de[2]_upleveltime75;audSpec_Rfilt_sma_de[2]_upleveltime90;audSpec_Rfilt_sma_de[2]_risetime;audSpec_Rfilt_sma_de[2]_leftctime;audSpec_Rfilt_sma_de[2]_lpgain;audSpec_Rfilt_sma_de[2]_lpc0;audSpec_Rfilt_sma_de[2]_lpc1;audSpec_Rfilt_sma_de[2]_lpc2;audSpec_Rfilt_sma_de[2]_lpc3;audSpec_Rfilt_sma_de[2]_lpc4;audSpec_Rfilt_sma_de[3]_range;audSpec_Rfilt_sma_de[3]_maxPos;audSpec_Rfilt_sma_de[3]_minPos;audSpec_Rfilt_sma_de[3]_quartile1;audSpec_Rfilt_sma_de[3]_quartile2;audSpec_Rfilt_sma_de[3]_quartile3;audSpec_Rfilt_sma_de[3]_iqr1-2;audSpec_Rfilt_sma_de[3]_iqr2-3;audSpec_Rfilt_sma_de[3]_iqr1-3;audSpec_Rfilt_sma_de[3]_percentile1.0;audSpec_Rfilt_sma_de[3]_percentile99.0;audSpec_Rfilt_sma_de[3]_pctlrange0-1;audSpec_Rfilt_sma_de[3]_stddev;audSpec_Rfilt_sma_de[3]_skewness;audSpec_Rfilt_sma_de[3]_kurtosis;audSpec_Rfilt_sma_de[3]_meanSegLen;audSpec_Rfilt_sma_de[3]_maxSegLen;audSpec_Rfilt_sma_de[3]_minSegLen;audSpec_Rfilt_sma_de[3]_segLenStddev;audSpec_Rfilt_sma_de[3]_upleveltime25;audSpec_Rfilt_sma_de[3]_upleveltime50;audSpec_Rfilt_sma_de[3]_upleveltime75;audSpec_Rfilt_sma_de[3]_upleveltime90;audSpec_Rfilt_sma_de[3]_risetime;audSpec_Rfilt_sma_de[3]_leftctime;audSpec_Rfilt_sma_de[3]_lpgain;audSpec_Rfilt_sma_de[3]_lpc0;audSpec_Rfilt_sma_de[3]_lpc1;audSpec_Rfilt_sma_de[3]_lpc2;audSpec_Rfilt_sma_de[3]_lpc3;audSpec_Rfilt_sma_de[3]_lpc4;audSpec_Rfilt_sma_de[4]_range;audSpec_Rfilt_sma_de[4]_maxPos;audSpec_Rfilt_sma_de[4]_minPos;audSpec_Rfilt_sma_de[4]_quartile1;audSpec_Rfilt_sma_de[4]_quartile2;audSpec_Rfilt_sma_de[4]_quartile3;audSpec_Rfilt_sma_de[4]_iqr1-2;audSpec_Rfilt_sma_de[4]_iqr2-3;audSpec_Rfilt_sma_de[4]_iqr1-3;audSpec_Rfilt_sma_de[4]_percentile1.0;audSpec_Rfilt_sma_de[4]_percentile99.0;audSpec_Rfilt_sma_de[4]_pctlrange0-1;audSpec_Rfilt_sma_de[4]_stddev;audSpec_Rfilt_sma_de[4]_skewness;audSpec_Rfilt_sma_de[4]_kurtosis;audSpec_Rfilt_sma_de[4]_meanSegLen;audSpec_Rfilt_sma_de[4]_maxSegLen;audSpec_Rfilt_sma_de[4]_minSegLen;audSpec_Rfilt_sma_de[4]_segLenStddev;audSpec_Rfilt_sma_de[4]_upleveltime25;audSpec_Rfilt_sma_de[4]_upleveltime50;audSpec_Rfilt_sma_de[4]_upleveltime75;audSpec_Rfilt_sma_de[4]_upleveltime90;audSpec_Rfilt_sma_de[4]_risetime;audSpec_Rfilt_sma_de[4]_leftctime;audSpec_Rfilt_sma_de[4]_lpgain;audSpec_Rfilt_sma_de[4]_lpc0;audSpec_Rfilt_sma_de[4]_lpc1;audSpec_Rfilt_sma_de[4]_lpc2;audSpec_Rfilt_sma_de[4]_lpc3;audSpec_Rfilt_sma_de[4]_lpc4;audSpec_Rfilt_sma_de[5]_range;audSpec_Rfilt_sma_de[5]_maxPos;audSpec_Rfilt_sma_de[5]_minPos;audSpec_Rfilt_sma_de[5]_quartile1;audSpec_Rfilt_sma_de[5]_quartile2;audSpec_Rfilt_sma_de[5]_quartile3;audSpec_Rfilt_sma_de[5]_iqr1-2;audSpec_Rfilt_sma_de[5]_iqr2-3;audSpec_Rfilt_sma_de[5]_iqr1-3;audSpec_Rfilt_sma_de[5]_percentile1.0;audSpec_Rfilt_sma_de[5]_percentile99.0;audSpec_Rfilt_sma_de[5]_pctlrange0-1;audSpec_Rfilt_sma_de[5]_stddev;audSpec_Rfilt_sma_de[5]_skewness;audSpec_Rfilt_sma_de[5]_kurtosis;audSpec_Rfilt_sma_de[5]_meanSegLen;audSpec_Rfilt_sma_de[5]_maxSegLen;audSpec_Rfilt_sma_de[5]_minSegLen;audSpec_Rfilt_sma_de[5]_segLenStddev;audSpec_Rfilt_sma_de[5]_upleveltime25;audSpec_Rfilt_sma_de[5]_upleveltime50;audSpec_Rfilt_sma_de[5]_upleveltime75;audSpec_Rfilt_sma_de[5]_upleveltime90;audSpec_Rfilt_sma_de[5]_risetime;audSpec_Rfilt_sma_de[5]_leftctime;audSpec_Rfilt_sma_de[5]_lpgain;audSpec_Rfilt_sma_de[5]_lpc0;audSpec_Rfilt_sma_de[5]_lpc1;audSpec_Rfilt_sma_de[5]_lpc2;audSpec_Rfilt_sma_de[5]_lpc3;audSpec_Rfilt_sma_de[5]_lpc4;audSpec_Rfilt_sma_de[6]_range;audSpec_Rfilt_sma_de[6]_maxPos;audSpec_Rfilt_sma_de[6]_minPos;audSpec_Rfilt_sma_de[6]_quartile1;audSpec_Rfilt_sma_de[6]_quartile2;audSpec_Rfilt_sma_de[6]_quartile3;audSpec_Rfilt_sma_de[6]_iqr1-2;audSpec_Rfilt_sma_de[6]_iqr2-3;audSpec_Rfilt_sma_de[6]_iqr1-3;audSpec_Rfilt_sma_de[6]_percentile1.0;audSpec_Rfilt_sma_de[6]_percentile99.0;audSpec_Rfilt_sma_de[6]_pctlrange0-1;audSpec_Rfilt_sma_de[6]_stddev;audSpec_Rfilt_sma_de[6]_skewness;audSpec_Rfilt_sma_de[6]_kurtosis;audSpec_Rfilt_sma_de[6]_meanSegLen;audSpec_Rfilt_sma_de[6]_maxSegLen;audSpec_Rfilt_sma_de[6]_minSegLen;audSpec_Rfilt_sma_de[6]_segLenStddev;audSpec_Rfilt_sma_de[6]_upleveltime25;audSpec_Rfilt_sma_de[6]_upleveltime50;audSpec_Rfilt_sma_de[6]_upleveltime75;audSpec_Rfilt_sma_de[6]_upleveltime90;audSpec_Rfilt_sma_de[6]_risetime;audSpec_Rfilt_sma_de[6]_leftctime;audSpec_Rfilt_sma_de[6]_lpgain;audSpec_Rfilt_sma_de[6]_lpc0;audSpec_Rfilt_sma_de[6]_lpc1;audSpec_Rfilt_sma_de[6]_lpc2;audSpec_Rfilt_sma_de[6]_lpc3;audSpec_Rfilt_sma_de[6]_lpc4;audSpec_Rfilt_sma_de[7]_range;audSpec_Rfilt_sma_de[7]_maxPos;audSpec_Rfilt_sma_de[7]_minPos;audSpec_Rfilt_sma_de[7]_quartile1;audSpec_Rfilt_sma_de[7]_quartile2;audSpec_Rfilt_sma_de[7]_quartile3;audSpec_Rfilt_sma_de[7]_iqr1-2;audSpec_Rfilt_sma_de[7]_iqr2-3;audSpec_Rfilt_sma_de[7]_iqr1-3;audSpec_Rfilt_sma_de[7]_percentile1.0;audSpec_Rfilt_sma_de[7]_percentile99.0;audSpec_Rfilt_sma_de[7]_pctlrange0-1;audSpec_Rfilt_sma_de[7]_stddev;audSpec_Rfilt_sma_de[7]_skewness;audSpec_Rfilt_sma_de[7]_kurtosis;audSpec_Rfilt_sma_de[7]_meanSegLen;audSpec_Rfilt_sma_de[7]_maxSegLen;audSpec_Rfilt_sma_de[7]_minSegLen;audSpec_Rfilt_sma_de[7]_segLenStddev;audSpec_Rfilt_sma_de[7]_upleveltime25;audSpec_Rfilt_sma_de[7]_upleveltime50;audSpec_Rfilt_sma_de[7]_upleveltime75;audSpec_Rfilt_sma_de[7]_upleveltime90;audSpec_Rfilt_sma_de[7]_risetime;audSpec_Rfilt_sma_de[7]_leftctime;audSpec_Rfilt_sma_de[7]_lpgain;audSpec_Rfilt_sma_de[7]_lpc0;audSpec_Rfilt_sma_de[7]_lpc1;audSpec_Rfilt_sma_de[7]_lpc2;audSpec_Rfilt_sma_de[7]_lpc3;audSpec_Rfilt_sma_de[7]_lpc4;audSpec_Rfilt_sma_de[8]_range;audSpec_Rfilt_sma_de[8]_maxPos;audSpec_Rfilt_sma_de[8]_minPos;audSpec_Rfilt_sma_de[8]_quartile1;audSpec_Rfilt_sma_de[8]_quartile2;audSpec_Rfilt_sma_de[8]_quartile3;audSpec_Rfilt_sma_de[8]_iqr1-2;audSpec_Rfilt_sma_de[8]_iqr2-3;audSpec_Rfilt_sma_de[8]_iqr1-3;audSpec_Rfilt_sma_de[8]_percentile1.0;audSpec_Rfilt_sma_de[8]_percentile99.0;audSpec_Rfilt_sma_de[8]_pctlrange0-1;audSpec_Rfilt_sma_de[8]_stddev;audSpec_Rfilt_sma_de[8]_skewness;audSpec_Rfilt_sma_de[8]_kurtosis;audSpec_Rfilt_sma_de[8]_meanSegLen;audSpec_Rfilt_sma_de[8]_maxSegLen;audSpec_Rfilt_sma_de[8]_minSegLen;audSpec_Rfilt_sma_de[8]_segLenStddev;audSpec_Rfilt_sma_de[8]_upleveltime25;audSpec_Rfilt_sma_de[8]_upleveltime50;audSpec_Rfilt_sma_de[8]_upleveltime75;audSpec_Rfilt_sma_de[8]_upleveltime90;audSpec_Rfilt_sma_de[8]_risetime;audSpec_Rfilt_sma_de[8]_leftctime;audSpec_Rfilt_sma_de[8]_lpgain;audSpec_Rfilt_sma_de[8]_lpc0;audSpec_Rfilt_sma_de[8]_lpc1;audSpec_Rfilt_sma_de[8]_lpc2;audSpec_Rfilt_sma_de[8]_lpc3;audSpec_Rfilt_sma_de[8]_lpc4;audSpec_Rfilt_sma_de[9]_range;audSpec_Rfilt_sma_de[9]_maxPos;audSpec_Rfilt_sma_de[9]_minPos;audSpec_Rfilt_sma_de[9]_quartile1;audSpec_Rfilt_sma_de[9]_quartile2;audSpec_Rfilt_sma_de[9]_quartile3;audSpec_Rfilt_sma_de[9]_iqr1-2;audSpec_Rfilt_sma_de[9]_iqr2-3;audSpec_Rfilt_sma_de[9]_iqr1-3;audSpec_Rfilt_sma_de[9]_percentile1.0;audSpec_Rfilt_sma_de[9]_percentile99.0;audSpec_Rfilt_sma_de[9]_pctlrange0-1;audSpec_Rfilt_sma_de[9]_stddev;audSpec_Rfilt_sma_de[9]_skewness;audSpec_Rfilt_sma_de[9]_kurtosis;audSpec_Rfilt_sma_de[9]_meanSegLen;audSpec_Rfilt_sma_de[9]_maxSegLen;audSpec_Rfilt_sma_de[9]_minSegLen;audSpec_Rfilt_sma_de[9]_segLenStddev;audSpec_Rfilt_sma_de[9]_upleveltime25;audSpec_Rfilt_sma_de[9]_upleveltime50;audSpec_Rfilt_sma_de[9]_upleveltime75;audSpec_Rfilt_sma_de[9]_upleveltime90;audSpec_Rfilt_sma_de[9]_risetime;audSpec_Rfilt_sma_de[9]_leftctime;audSpec_Rfilt_sma_de[9]_lpgain;audSpec_Rfilt_sma_de[9]_lpc0;audSpec_Rfilt_sma_de[9]_lpc1;audSpec_Rfilt_sma_de[9]_lpc2;audSpec_Rfilt_sma_de[9]_lpc3;audSpec_Rfilt_sma_de[9]_lpc4;audSpec_Rfilt_sma_de[10]_range;audSpec_Rfilt_sma_de[10]_maxPos;audSpec_Rfilt_sma_de[10]_minPos;audSpec_Rfilt_sma_de[10]_quartile1;audSpec_Rfilt_sma_de[10]_quartile2;audSpec_Rfilt_sma_de[10]_quartile3;audSpec_Rfilt_sma_de[10]_iqr1-2;audSpec_Rfilt_sma_de[10]_iqr2-3;audSpec_Rfilt_sma_de[10]_iqr1-3;audSpec_Rfilt_sma_de[10]_percentile1.0;audSpec_Rfilt_sma_de[10]_percentile99.0;audSpec_Rfilt_sma_de[10]_pctlrange0-1;audSpec_Rfilt_sma_de[10]_stddev;audSpec_Rfilt_sma_de[10]_skewness;audSpec_Rfilt_sma_de[10]_kurtosis;audSpec_Rfilt_sma_de[10]_meanSegLen;audSpec_Rfilt_sma_de[10]_maxSegLen;audSpec_Rfilt_sma_de[10]_minSegLen;audSpec_Rfilt_sma_de[10]_segLenStddev;audSpec_Rfilt_sma_de[10]_upleveltime25;audSpec_Rfilt_sma_de[10]_upleveltime50;audSpec_Rfilt_sma_de[10]_upleveltime75;audSpec_Rfilt_sma_de[10]_upleveltime90;audSpec_Rfilt_sma_de[10]_risetime;audSpec_Rfilt_sma_de[10]_leftctime;audSpec_Rfilt_sma_de[10]_lpgain;audSpec_Rfilt_sma_de[10]_lpc0;audSpec_Rfilt_sma_de[10]_lpc1;audSpec_Rfilt_sma_de[10]_lpc2;audSpec_Rfilt_sma_de[10]_lpc3;audSpec_Rfilt_sma_de[10]_lpc4;audSpec_Rfilt_sma_de[11]_range;audSpec_Rfilt_sma_de[11]_maxPos;audSpec_Rfilt_sma_de[11]_minPos;audSpec_Rfilt_sma_de[11]_quartile1;audSpec_Rfilt_sma_de[11]_quartile2;audSpec_Rfilt_sma_de[11]_quartile3;audSpec_Rfilt_sma_de[11]_iqr1-2;audSpec_Rfilt_sma_de[11]_iqr2-3;audSpec_Rfilt_sma_de[11]_iqr1-3;audSpec_Rfilt_sma_de[11]_percentile1.0;audSpec_Rfilt_sma_de[11]_percentile99.0;audSpec_Rfilt_sma_de[11]_pctlrange0-1;audSpec_Rfilt_sma_de[11]_stddev;audSpec_Rfilt_sma_de[11]_skewness;audSpec_Rfilt_sma_de[11]_kurtosis;audSpec_Rfilt_sma_de[11]_meanSegLen;audSpec_Rfilt_sma_de[11]_maxSegLen;audSpec_Rfilt_sma_de[11]_minSegLen;audSpec_Rfilt_sma_de[11]_segLenStddev;audSpec_Rfilt_sma_de[11]_upleveltime25;audSpec_Rfilt_sma_de[11]_upleveltime50;audSpec_Rfilt_sma_de[11]_upleveltime75;audSpec_Rfilt_sma_de[11]_upleveltime90;audSpec_Rfilt_sma_de[11]_risetime;audSpec_Rfilt_sma_de[11]_leftctime;audSpec_Rfilt_sma_de[11]_lpgain;audSpec_Rfilt_sma_de[11]_lpc0;audSpec_Rfilt_sma_de[11]_lpc1;audSpec_Rfilt_sma_de[11]_lpc2;audSpec_Rfilt_sma_de[11]_lpc3;audSpec_Rfilt_sma_de[11]_lpc4;audSpec_Rfilt_sma_de[12]_range;audSpec_Rfilt_sma_de[12]_maxPos;audSpec_Rfilt_sma_de[12]_minPos;audSpec_Rfilt_sma_de[12]_quartile1;audSpec_Rfilt_sma_de[12]_quartile2;audSpec_Rfilt_sma_de[12]_quartile3;audSpec_Rfilt_sma_de[12]_iqr1-2;audSpec_Rfilt_sma_de[12]_iqr2-3;audSpec_Rfilt_sma_de[12]_iqr1-3;audSpec_Rfilt_sma_de[12]_percentile1.0;audSpec_Rfilt_sma_de[12]_percentile99.0;audSpec_Rfilt_sma_de[12]_pctlrange0-1;audSpec_Rfilt_sma_de[12]_stddev;audSpec_Rfilt_sma_de[12]_skewness;audSpec_Rfilt_sma_de[12]_kurtosis;audSpec_Rfilt_sma_de[12]_meanSegLen;audSpec_Rfilt_sma_de[12]_maxSegLen;audSpec_Rfilt_sma_de[12]_minSegLen;audSpec_Rfilt_sma_de[12]_segLenStddev;audSpec_Rfilt_sma_de[12]_upleveltime25;audSpec_Rfilt_sma_de[12]_upleveltime50;audSpec_Rfilt_sma_de[12]_upleveltime75;audSpec_Rfilt_sma_de[12]_upleveltime90;audSpec_Rfilt_sma_de[12]_risetime;audSpec_Rfilt_sma_de[12]_leftctime;audSpec_Rfilt_sma_de[12]_lpgain;audSpec_Rfilt_sma_de[12]_lpc0;audSpec_Rfilt_sma_de[12]_lpc1;audSpec_Rfilt_sma_de[12]_lpc2;audSpec_Rfilt_sma_de[12]_lpc3;audSpec_Rfilt_sma_de[12]_lpc4;audSpec_Rfilt_sma_de[13]_range;audSpec_Rfilt_sma_de[13]_maxPos;audSpec_Rfilt_sma_de[13]_minPos;audSpec_Rfilt_sma_de[13]_quartile1;audSpec_Rfilt_sma_de[13]_quartile2;audSpec_Rfilt_sma_de[13]_quartile3;audSpec_Rfilt_sma_de[13]_iqr1-2;audSpec_Rfilt_sma_de[13]_iqr2-3;audSpec_Rfilt_sma_de[13]_iqr1-3;audSpec_Rfilt_sma_de[13]_percentile1.0;audSpec_Rfilt_sma_de[13]_percentile99.0;audSpec_Rfilt_sma_de[13]_pctlrange0-1;audSpec_Rfilt_sma_de[13]_stddev;audSpec_Rfilt_sma_de[13]_skewness;audSpec_Rfilt_sma_de[13]_kurtosis;audSpec_Rfilt_sma_de[13]_meanSegLen;audSpec_Rfilt_sma_de[13]_maxSegLen;audSpec_Rfilt_sma_de[13]_minSegLen;audSpec_Rfilt_sma_de[13]_segLenStddev;audSpec_Rfilt_sma_de[13]_upleveltime25;audSpec_Rfilt_sma_de[13]_upleveltime50;audSpec_Rfilt_sma_de[13]_upleveltime75;audSpec_Rfilt_sma_de[13]_upleveltime90;audSpec_Rfilt_sma_de[13]_risetime;audSpec_Rfilt_sma_de[13]_leftctime;audSpec_Rfilt_sma_de[13]_lpgain;audSpec_Rfilt_sma_de[13]_lpc0;audSpec_Rfilt_sma_de[13]_lpc1;audSpec_Rfilt_sma_de[13]_lpc2;audSpec_Rfilt_sma_de[13]_lpc3;audSpec_Rfilt_sma_de[13]_lpc4;audSpec_Rfilt_sma_de[14]_range;audSpec_Rfilt_sma_de[14]_maxPos;audSpec_Rfilt_sma_de[14]_minPos;audSpec_Rfilt_sma_de[14]_quartile1;audSpec_Rfilt_sma_de[14]_quartile2;audSpec_Rfilt_sma_de[14]_quartile3;audSpec_Rfilt_sma_de[14]_iqr1-2;audSpec_Rfilt_sma_de[14]_iqr2-3;audSpec_Rfilt_sma_de[14]_iqr1-3;audSpec_Rfilt_sma_de[14]_percentile1.0;audSpec_Rfilt_sma_de[14]_percentile99.0;audSpec_Rfilt_sma_de[14]_pctlrange0-1;audSpec_Rfilt_sma_de[14]_stddev;audSpec_Rfilt_sma_de[14]_skewness;audSpec_Rfilt_sma_de[14]_kurtosis;audSpec_Rfilt_sma_de[14]_meanSegLen;audSpec_Rfilt_sma_de[14]_maxSegLen;audSpec_Rfilt_sma_de[14]_minSegLen;audSpec_Rfilt_sma_de[14]_segLenStddev;audSpec_Rfilt_sma_de[14]_upleveltime25;audSpec_Rfilt_sma_de[14]_upleveltime50;audSpec_Rfilt_sma_de[14]_upleveltime75;audSpec_Rfilt_sma_de[14]_upleveltime90;audSpec_Rfilt_sma_de[14]_risetime;audSpec_Rfilt_sma_de[14]_leftctime;audSpec_Rfilt_sma_de[14]_lpgain;audSpec_Rfilt_sma_de[14]_lpc0;audSpec_Rfilt_sma_de[14]_lpc1;audSpec_Rfilt_sma_de[14]_lpc2;audSpec_Rfilt_sma_de[14]_lpc3;audSpec_Rfilt_sma_de[14]_lpc4;audSpec_Rfilt_sma_de[15]_range;audSpec_Rfilt_sma_de[15]_maxPos;audSpec_Rfilt_sma_de[15]_minPos;audSpec_Rfilt_sma_de[15]_quartile1;audSpec_Rfilt_sma_de[15]_quartile2;audSpec_Rfilt_sma_de[15]_quartile3;audSpec_Rfilt_sma_de[15]_iqr1-2;audSpec_Rfilt_sma_de[15]_iqr2-3;audSpec_Rfilt_sma_de[15]_iqr1-3;audSpec_Rfilt_sma_de[15]_percentile1.0;audSpec_Rfilt_sma_de[15]_percentile99.0;audSpec_Rfilt_sma_de[15]_pctlrange0-1;audSpec_Rfilt_sma_de[15]_stddev;audSpec_Rfilt_sma_de[15]_skewness;audSpec_Rfilt_sma_de[15]_kurtosis;audSpec_Rfilt_sma_de[15]_meanSegLen;audSpec_Rfilt_sma_de[15]_maxSegLen;audSpec_Rfilt_sma_de[15]_minSegLen;audSpec_Rfilt_sma_de[15]_segLenStddev;audSpec_Rfilt_sma_de[15]_upleveltime25;audSpec_Rfilt_sma_de[15]_upleveltime50;audSpec_Rfilt_sma_de[15]_upleveltime75;audSpec_Rfilt_sma_de[15]_upleveltime90;audSpec_Rfilt_sma_de[15]_risetime;audSpec_Rfilt_sma_de[15]_leftctime;audSpec_Rfilt_sma_de[15]_lpgain;audSpec_Rfilt_sma_de[15]_lpc0;audSpec_Rfilt_sma_de[15]_lpc1;audSpec_Rfilt_sma_de[15]_lpc2;audSpec_Rfilt_sma_de[15]_lpc3;audSpec_Rfilt_sma_de[15]_lpc4;audSpec_Rfilt_sma_de[16]_range;audSpec_Rfilt_sma_de[16]_maxPos;audSpec_Rfilt_sma_de[16]_minPos;audSpec_Rfilt_sma_de[16]_quartile1;audSpec_Rfilt_sma_de[16]_quartile2;audSpec_Rfilt_sma_de[16]_quartile3;audSpec_Rfilt_sma_de[16]_iqr1-2;audSpec_Rfilt_sma_de[16]_iqr2-3;audSpec_Rfilt_sma_de[16]_iqr1-3;audSpec_Rfilt_sma_de[16]_percentile1.0;audSpec_Rfilt_sma_de[16]_percentile99.0;audSpec_Rfilt_sma_de[16]_pctlrange0-1;audSpec_Rfilt_sma_de[16]_stddev;audSpec_Rfilt_sma_de[16]_skewness;audSpec_Rfilt_sma_de[16]_kurtosis;audSpec_Rfilt_sma_de[16]_meanSegLen;audSpec_Rfilt_sma_de[16]_maxSegLen;audSpec_Rfilt_sma_de[16]_minSegLen;audSpec_Rfilt_sma_de[16]_segLenStddev;audSpec_Rfilt_sma_de[16]_upleveltime25;audSpec_Rfilt_sma_de[16]_upleveltime50;audSpec_Rfilt_sma_de[16]_upleveltime75;audSpec_Rfilt_sma_de[16]_upleveltime90;audSpec_Rfilt_sma_de[16]_risetime;audSpec_Rfilt_sma_de[16]_leftctime;audSpec_Rfilt_sma_de[16]_lpgain;audSpec_Rfilt_sma_de[16]_lpc0;audSpec_Rfilt_sma_de[16]_lpc1;audSpec_Rfilt_sma_de[16]_lpc2;audSpec_Rfilt_sma_de[16]_lpc3;audSpec_Rfilt_sma_de[16]_lpc4;audSpec_Rfilt_sma_de[17]_range;audSpec_Rfilt_sma_de[17]_maxPos;audSpec_Rfilt_sma_de[17]_minPos;audSpec_Rfilt_sma_de[17]_quartile1;audSpec_Rfilt_sma_de[17]_quartile2;audSpec_Rfilt_sma_de[17]_quartile3;audSpec_Rfilt_sma_de[17]_iqr1-2;audSpec_Rfilt_sma_de[17]_iqr2-3;audSpec_Rfilt_sma_de[17]_iqr1-3;audSpec_Rfilt_sma_de[17]_percentile1.0;audSpec_Rfilt_sma_de[17]_percentile99.0;audSpec_Rfilt_sma_de[17]_pctlrange0-1;audSpec_Rfilt_sma_de[17]_stddev;audSpec_Rfilt_sma_de[17]_skewness;audSpec_Rfilt_sma_de[17]_kurtosis;audSpec_Rfilt_sma_de[17]_meanSegLen;audSpec_Rfilt_sma_de[17]_maxSegLen;audSpec_Rfilt_sma_de[17]_minSegLen;audSpec_Rfilt_sma_de[17]_segLenStddev;audSpec_Rfilt_sma_de[17]_upleveltime25;audSpec_Rfilt_sma_de[17]_upleveltime50;audSpec_Rfilt_sma_de[17]_upleveltime75;audSpec_Rfilt_sma_de[17]_upleveltime90;audSpec_Rfilt_sma_de[17]_risetime;audSpec_Rfilt_sma_de[17]_leftctime;audSpec_Rfilt_sma_de[17]_lpgain;audSpec_Rfilt_sma_de[17]_lpc0;audSpec_Rfilt_sma_de[17]_lpc1;audSpec_Rfilt_sma_de[17]_lpc2;audSpec_Rfilt_sma_de[17]_lpc3;audSpec_Rfilt_sma_de[17]_lpc4;audSpec_Rfilt_sma_de[18]_range;audSpec_Rfilt_sma_de[18]_maxPos;audSpec_Rfilt_sma_de[18]_minPos;audSpec_Rfilt_sma_de[18]_quartile1;audSpec_Rfilt_sma_de[18]_quartile2;audSpec_Rfilt_sma_de[18]_quartile3;audSpec_Rfilt_sma_de[18]_iqr1-2;audSpec_Rfilt_sma_de[18]_iqr2-3;audSpec_Rfilt_sma_de[18]_iqr1-3;audSpec_Rfilt_sma_de[18]_percentile1.0;audSpec_Rfilt_sma_de[18]_percentile99.0;audSpec_Rfilt_sma_de[18]_pctlrange0-1;audSpec_Rfilt_sma_de[18]_stddev;audSpec_Rfilt_sma_de[18]_skewness;audSpec_Rfilt_sma_de[18]_kurtosis;audSpec_Rfilt_sma_de[18]_meanSegLen;audSpec_Rfilt_sma_de[18]_maxSegLen;audSpec_Rfilt_sma_de[18]_minSegLen;audSpec_Rfilt_sma_de[18]_segLenStddev;audSpec_Rfilt_sma_de[18]_upleveltime25;audSpec_Rfilt_sma_de[18]_upleveltime50;audSpec_Rfilt_sma_de[18]_upleveltime75;audSpec_Rfilt_sma_de[18]_upleveltime90;audSpec_Rfilt_sma_de[18]_risetime;audSpec_Rfilt_sma_de[18]_leftctime;audSpec_Rfilt_sma_de[18]_lpgain;audSpec_Rfilt_sma_de[18]_lpc0;audSpec_Rfilt_sma_de[18]_lpc1;audSpec_Rfilt_sma_de[18]_lpc2;audSpec_Rfilt_sma_de[18]_lpc3;audSpec_Rfilt_sma_de[18]_lpc4;audSpec_Rfilt_sma_de[19]_range;audSpec_Rfilt_sma_de[19]_maxPos;audSpec_Rfilt_sma_de[19]_minPos;audSpec_Rfilt_sma_de[19]_quartile1;audSpec_Rfilt_sma_de[19]_quartile2;audSpec_Rfilt_sma_de[19]_quartile3;audSpec_Rfilt_sma_de[19]_iqr1-2;audSpec_Rfilt_sma_de[19]_iqr2-3;audSpec_Rfilt_sma_de[19]_iqr1-3;audSpec_Rfilt_sma_de[19]_percentile1.0;audSpec_Rfilt_sma_de[19]_percentile99.0;audSpec_Rfilt_sma_de[19]_pctlrange0-1;audSpec_Rfilt_sma_de[19]_stddev;audSpec_Rfilt_sma_de[19]_skewness;audSpec_Rfilt_sma_de[19]_kurtosis;audSpec_Rfilt_sma_de[19]_meanSegLen;audSpec_Rfilt_sma_de[19]_maxSegLen;audSpec_Rfilt_sma_de[19]_minSegLen;audSpec_Rfilt_sma_de[19]_segLenStddev;audSpec_Rfilt_sma_de[19]_upleveltime25;audSpec_Rfilt_sma_de[19]_upleveltime50;audSpec_Rfilt_sma_de[19]_upleveltime75;audSpec_Rfilt_sma_de[19]_upleveltime90;audSpec_Rfilt_sma_de[19]_risetime;audSpec_Rfilt_sma_de[19]_leftctime;audSpec_Rfilt_sma_de[19]_lpgain;audSpec_Rfilt_sma_de[19]_lpc0;audSpec_Rfilt_sma_de[19]_lpc1;audSpec_Rfilt_sma_de[19]_lpc2;audSpec_Rfilt_sma_de[19]_lpc3;audSpec_Rfilt_sma_de[19]_lpc4;audSpec_Rfilt_sma_de[20]_range;audSpec_Rfilt_sma_de[20]_maxPos;audSpec_Rfilt_sma_de[20]_minPos;audSpec_Rfilt_sma_de[20]_quartile1;audSpec_Rfilt_sma_de[20]_quartile2;audSpec_Rfilt_sma_de[20]_quartile3;audSpec_Rfilt_sma_de[20]_iqr1-2;audSpec_Rfilt_sma_de[20]_iqr2-3;audSpec_Rfilt_sma_de[20]_iqr1-3;audSpec_Rfilt_sma_de[20]_percentile1.0;audSpec_Rfilt_sma_de[20]_percentile99.0;audSpec_Rfilt_sma_de[20]_pctlrange0-1;audSpec_Rfilt_sma_de[20]_stddev;audSpec_Rfilt_sma_de[20]_skewness;audSpec_Rfilt_sma_de[20]_kurtosis;audSpec_Rfilt_sma_de[20]_meanSegLen;audSpec_Rfilt_sma_de[20]_maxSegLen;audSpec_Rfilt_sma_de[20]_minSegLen;audSpec_Rfilt_sma_de[20]_segLenStddev;audSpec_Rfilt_sma_de[20]_upleveltime25;audSpec_Rfilt_sma_de[20]_upleveltime50;audSpec_Rfilt_sma_de[20]_upleveltime75;audSpec_Rfilt_sma_de[20]_upleveltime90;audSpec_Rfilt_sma_de[20]_risetime;audSpec_Rfilt_sma_de[20]_leftctime;audSpec_Rfilt_sma_de[20]_lpgain;audSpec_Rfilt_sma_de[20]_lpc0;audSpec_Rfilt_sma_de[20]_lpc1;audSpec_Rfilt_sma_de[20]_lpc2;audSpec_Rfilt_sma_de[20]_lpc3;audSpec_Rfilt_sma_de[20]_lpc4;audSpec_Rfilt_sma_de[21]_range;audSpec_Rfilt_sma_de[21]_maxPos;audSpec_Rfilt_sma_de[21]_minPos;audSpec_Rfilt_sma_de[21]_quartile1;audSpec_Rfilt_sma_de[21]_quartile2;audSpec_Rfilt_sma_de[21]_quartile3;audSpec_Rfilt_sma_de[21]_iqr1-2;audSpec_Rfilt_sma_de[21]_iqr2-3;audSpec_Rfilt_sma_de[21]_iqr1-3;audSpec_Rfilt_sma_de[21]_percentile1.0;audSpec_Rfilt_sma_de[21]_percentile99.0;audSpec_Rfilt_sma_de[21]_pctlrange0-1;audSpec_Rfilt_sma_de[21]_stddev;audSpec_Rfilt_sma_de[21]_skewness;audSpec_Rfilt_sma_de[21]_kurtosis;audSpec_Rfilt_sma_de[21]_meanSegLen;audSpec_Rfilt_sma_de[21]_maxSegLen;audSpec_Rfilt_sma_de[21]_minSegLen;audSpec_Rfilt_sma_de[21]_segLenStddev;audSpec_Rfilt_sma_de[21]_upleveltime25;audSpec_Rfilt_sma_de[21]_upleveltime50;audSpec_Rfilt_sma_de[21]_upleveltime75;audSpec_Rfilt_sma_de[21]_upleveltime90;audSpec_Rfilt_sma_de[21]_risetime;audSpec_Rfilt_sma_de[21]_leftctime;audSpec_Rfilt_sma_de[21]_lpgain;audSpec_Rfilt_sma_de[21]_lpc0;audSpec_Rfilt_sma_de[21]_lpc1;audSpec_Rfilt_sma_de[21]_lpc2;audSpec_Rfilt_sma_de[21]_lpc3;audSpec_Rfilt_sma_de[21]_lpc4;audSpec_Rfilt_sma_de[22]_range;audSpec_Rfilt_sma_de[22]_maxPos;audSpec_Rfilt_sma_de[22]_minPos;audSpec_Rfilt_sma_de[22]_quartile1;audSpec_Rfilt_sma_de[22]_quartile2;audSpec_Rfilt_sma_de[22]_quartile3;audSpec_Rfilt_sma_de[22]_iqr1-2;audSpec_Rfilt_sma_de[22]_iqr2-3;audSpec_Rfilt_sma_de[22]_iqr1-3;audSpec_Rfilt_sma_de[22]_percentile1.0;audSpec_Rfilt_sma_de[22]_percentile99.0;audSpec_Rfilt_sma_de[22]_pctlrange0-1;audSpec_Rfilt_sma_de[22]_stddev;audSpec_Rfilt_sma_de[22]_skewness;audSpec_Rfilt_sma_de[22]_kurtosis;audSpec_Rfilt_sma_de[22]_meanSegLen;audSpec_Rfilt_sma_de[22]_maxSegLen;audSpec_Rfilt_sma_de[22]_minSegLen;audSpec_Rfilt_sma_de[22]_segLenStddev;audSpec_Rfilt_sma_de[22]_upleveltime25;audSpec_Rfilt_sma_de[22]_upleveltime50;audSpec_Rfilt_sma_de[22]_upleveltime75;audSpec_Rfilt_sma_de[22]_upleveltime90;audSpec_Rfilt_sma_de[22]_risetime;audSpec_Rfilt_sma_de[22]_leftctime;audSpec_Rfilt_sma_de[22]_lpgain;audSpec_Rfilt_sma_de[22]_lpc0;audSpec_Rfilt_sma_de[22]_lpc1;audSpec_Rfilt_sma_de[22]_lpc2;audSpec_Rfilt_sma_de[22]_lpc3;audSpec_Rfilt_sma_de[22]_lpc4;audSpec_Rfilt_sma_de[23]_range;audSpec_Rfilt_sma_de[23]_maxPos;audSpec_Rfilt_sma_de[23]_minPos;audSpec_Rfilt_sma_de[23]_quartile1;audSpec_Rfilt_sma_de[23]_quartile2;audSpec_Rfilt_sma_de[23]_quartile3;audSpec_Rfilt_sma_de[23]_iqr1-2;audSpec_Rfilt_sma_de[23]_iqr2-3;audSpec_Rfilt_sma_de[23]_iqr1-3;audSpec_Rfilt_sma_de[23]_percentile1.0;audSpec_Rfilt_sma_de[23]_percentile99.0;audSpec_Rfilt_sma_de[23]_pctlrange0-1;audSpec_Rfilt_sma_de[23]_stddev;audSpec_Rfilt_sma_de[23]_skewness;audSpec_Rfilt_sma_de[23]_kurtosis;audSpec_Rfilt_sma_de[23]_meanSegLen;audSpec_Rfilt_sma_de[23]_maxSegLen;audSpec_Rfilt_sma_de[23]_minSegLen;audSpec_Rfilt_sma_de[23]_segLenStddev;audSpec_Rfilt_sma_de[23]_upleveltime25;audSpec_Rfilt_sma_de[23]_upleveltime50;audSpec_Rfilt_sma_de[23]_upleveltime75;audSpec_Rfilt_sma_de[23]_upleveltime90;audSpec_Rfilt_sma_de[23]_risetime;audSpec_Rfilt_sma_de[23]_leftctime;audSpec_Rfilt_sma_de[23]_lpgain;audSpec_Rfilt_sma_de[23]_lpc0;audSpec_Rfilt_sma_de[23]_lpc1;audSpec_Rfilt_sma_de[23]_lpc2;audSpec_Rfilt_sma_de[23]_lpc3;audSpec_Rfilt_sma_de[23]_lpc4;audSpec_Rfilt_sma_de[24]_range;audSpec_Rfilt_sma_de[24]_maxPos;audSpec_Rfilt_sma_de[24]_minPos;audSpec_Rfilt_sma_de[24]_quartile1;audSpec_Rfilt_sma_de[24]_quartile2;audSpec_Rfilt_sma_de[24]_quartile3;audSpec_Rfilt_sma_de[24]_iqr1-2;audSpec_Rfilt_sma_de[24]_iqr2-3;audSpec_Rfilt_sma_de[24]_iqr1-3;audSpec_Rfilt_sma_de[24]_percentile1.0;audSpec_Rfilt_sma_de[24]_percentile99.0;audSpec_Rfilt_sma_de[24]_pctlrange0-1;audSpec_Rfilt_sma_de[24]_stddev;audSpec_Rfilt_sma_de[24]_skewness;audSpec_Rfilt_sma_de[24]_kurtosis;audSpec_Rfilt_sma_de[24]_meanSegLen;audSpec_Rfilt_sma_de[24]_maxSegLen;audSpec_Rfilt_sma_de[24]_minSegLen;audSpec_Rfilt_sma_de[24]_segLenStddev;audSpec_Rfilt_sma_de[24]_upleveltime25;audSpec_Rfilt_sma_de[24]_upleveltime50;audSpec_Rfilt_sma_de[24]_upleveltime75;audSpec_Rfilt_sma_de[24]_upleveltime90;audSpec_Rfilt_sma_de[24]_risetime;audSpec_Rfilt_sma_de[24]_leftctime;audSpec_Rfilt_sma_de[24]_lpgain;audSpec_Rfilt_sma_de[24]_lpc0;audSpec_Rfilt_sma_de[24]_lpc1;audSpec_Rfilt_sma_de[24]_lpc2;audSpec_Rfilt_sma_de[24]_lpc3;audSpec_Rfilt_sma_de[24]_lpc4;audSpec_Rfilt_sma_de[25]_range;audSpec_Rfilt_sma_de[25]_maxPos;audSpec_Rfilt_sma_de[25]_minPos;audSpec_Rfilt_sma_de[25]_quartile1;audSpec_Rfilt_sma_de[25]_quartile2;audSpec_Rfilt_sma_de[25]_quartile3;audSpec_Rfilt_sma_de[25]_iqr1-2;audSpec_Rfilt_sma_de[25]_iqr2-3;audSpec_Rfilt_sma_de[25]_iqr1-3;audSpec_Rfilt_sma_de[25]_percentile1.0;audSpec_Rfilt_sma_de[25]_percentile99.0;audSpec_Rfilt_sma_de[25]_pctlrange0-1;audSpec_Rfilt_sma_de[25]_stddev;audSpec_Rfilt_sma_de[25]_skewness;audSpec_Rfilt_sma_de[25]_kurtosis;audSpec_Rfilt_sma_de[25]_meanSegLen;audSpec_Rfilt_sma_de[25]_maxSegLen;audSpec_Rfilt_sma_de[25]_minSegLen;audSpec_Rfilt_sma_de[25]_segLenStddev;audSpec_Rfilt_sma_de[25]_upleveltime25;audSpec_Rfilt_sma_de[25]_upleveltime50;audSpec_Rfilt_sma_de[25]_upleveltime75;audSpec_Rfilt_sma_de[25]_upleveltime90;audSpec_Rfilt_sma_de[25]_risetime;audSpec_Rfilt_sma_de[25]_leftctime;audSpec_Rfilt_sma_de[25]_lpgain;audSpec_Rfilt_sma_de[25]_lpc0;audSpec_Rfilt_sma_de[25]_lpc1;audSpec_Rfilt_sma_de[25]_lpc2;audSpec_Rfilt_sma_de[25]_lpc3;audSpec_Rfilt_sma_de[25]_lpc4;pcm_fftMag_fband250-650_sma_de_range;pcm_fftMag_fband250-650_sma_de_maxPos;pcm_fftMag_fband250-650_sma_de_minPos;pcm_fftMag_fband250-650_sma_de_quartile1;pcm_fftMag_fband250-650_sma_de_quartile2;pcm_fftMag_fband250-650_sma_de_quartile3;pcm_fftMag_fband250-650_sma_de_iqr1-2;pcm_fftMag_fband250-650_sma_de_iqr2-3;pcm_fftMag_fband250-650_sma_de_iqr1-3;pcm_fftMag_fband250-650_sma_de_percentile1.0;pcm_fftMag_fband250-650_sma_de_percentile99.0;pcm_fftMag_fband250-650_sma_de_pctlrange0-1;pcm_fftMag_fband250-650_sma_de_stddev;pcm_fftMag_fband250-650_sma_de_skewness;pcm_fftMag_fband250-650_sma_de_kurtosis;pcm_fftMag_fband250-650_sma_de_meanSegLen;pcm_fftMag_fband250-650_sma_de_maxSegLen;pcm_fftMag_fband250-650_sma_de_minSegLen;pcm_fftMag_fband250-650_sma_de_segLenStddev;pcm_fftMag_fband250-650_sma_de_upleveltime25;pcm_fftMag_fband250-650_sma_de_upleveltime50;pcm_fftMag_fband250-650_sma_de_upleveltime75;pcm_fftMag_fband250-650_sma_de_upleveltime90;pcm_fftMag_fband250-650_sma_de_risetime;pcm_fftMag_fband250-650_sma_de_leftctime;pcm_fftMag_fband250-650_sma_de_lpgain;pcm_fftMag_fband250-650_sma_de_lpc0;pcm_fftMag_fband250-650_sma_de_lpc1;pcm_fftMag_fband250-650_sma_de_lpc2;pcm_fftMag_fband250-650_sma_de_lpc3;pcm_fftMag_fband250-650_sma_de_lpc4;pcm_fftMag_fband1000-4000_sma_de_range;pcm_fftMag_fband1000-4000_sma_de_maxPos;pcm_fftMag_fband1000-4000_sma_de_minPos;pcm_fftMag_fband1000-4000_sma_de_quartile1;pcm_fftMag_fband1000-4000_sma_de_quartile2;pcm_fftMag_fband1000-4000_sma_de_quartile3;pcm_fftMag_fband1000-4000_sma_de_iqr1-2;pcm_fftMag_fband1000-4000_sma_de_iqr2-3;pcm_fftMag_fband1000-4000_sma_de_iqr1-3;pcm_fftMag_fband1000-4000_sma_de_percentile1.0;pcm_fftMag_fband1000-4000_sma_de_percentile99.0;pcm_fftMag_fband1000-4000_sma_de_pctlrange0-1;pcm_fftMag_fband1000-4000_sma_de_stddev;pcm_fftMag_fband1000-4000_sma_de_skewness;pcm_fftMag_fband1000-4000_sma_de_kurtosis;pcm_fftMag_fband1000-4000_sma_de_meanSegLen;pcm_fftMag_fband1000-4000_sma_de_maxSegLen;pcm_fftMag_fband1000-4000_sma_de_minSegLen;pcm_fftMag_fband1000-4000_sma_de_segLenStddev;pcm_fftMag_fband1000-4000_sma_de_upleveltime25;pcm_fftMag_fband1000-4000_sma_de_upleveltime50;pcm_fftMag_fband1000-4000_sma_de_upleveltime75;pcm_fftMag_fband1000-4000_sma_de_upleveltime90;pcm_fftMag_fband1000-4000_sma_de_risetime;pcm_fftMag_fband1000-4000_sma_de_leftctime;pcm_fftMag_fband1000-4000_sma_de_lpgain;pcm_fftMag_fband1000-4000_sma_de_lpc0;pcm_fftMag_fband1000-4000_sma_de_lpc1;pcm_fftMag_fband1000-4000_sma_de_lpc2;pcm_fftMag_fband1000-4000_sma_de_lpc3;pcm_fftMag_fband1000-4000_sma_de_lpc4;pcm_fftMag_spectralRollOff25.0_sma_de_range;pcm_fftMag_spectralRollOff25.0_sma_de_maxPos;pcm_fftMag_spectralRollOff25.0_sma_de_minPos;pcm_fftMag_spectralRollOff25.0_sma_de_quartile1;pcm_fftMag_spectralRollOff25.0_sma_de_quartile2;pcm_fftMag_spectralRollOff25.0_sma_de_quartile3;pcm_fftMag_spectralRollOff25.0_sma_de_iqr1-2;pcm_fftMag_spectralRollOff25.0_sma_de_iqr2-3;pcm_fftMag_spectralRollOff25.0_sma_de_iqr1-3;pcm_fftMag_spectralRollOff25.0_sma_de_percentile1.0;pcm_fftMag_spectralRollOff25.0_sma_de_percentile99.0;pcm_fftMag_spectralRollOff25.0_sma_de_pctlrange0-1;pcm_fftMag_spectralRollOff25.0_sma_de_stddev;pcm_fftMag_spectralRollOff25.0_sma_de_skewness;pcm_fftMag_spectralRollOff25.0_sma_de_kurtosis;pcm_fftMag_spectralRollOff25.0_sma_de_meanSegLen;pcm_fftMag_spectralRollOff25.0_sma_de_maxSegLen;pcm_fftMag_spectralRollOff25.0_sma_de_minSegLen;pcm_fftMag_spectralRollOff25.0_sma_de_segLenStddev;pcm_fftMag_spectralRollOff25.0_sma_de_upleveltime25;pcm_fftMag_spectralRollOff25.0_sma_de_upleveltime50;pcm_fftMag_spectralRollOff25.0_sma_de_upleveltime75;pcm_fftMag_spectralRollOff25.0_sma_de_upleveltime90;pcm_fftMag_spectralRollOff25.0_sma_de_risetime;pcm_fftMag_spectralRollOff25.0_sma_de_leftctime;pcm_fftMag_spectralRollOff25.0_sma_de_lpgain;pcm_fftMag_spectralRollOff25.0_sma_de_lpc0;pcm_fftMag_spectralRollOff25.0_sma_de_lpc1;pcm_fftMag_spectralRollOff25.0_sma_de_lpc2;pcm_fftMag_spectralRollOff25.0_sma_de_lpc3;pcm_fftMag_spectralRollOff25.0_sma_de_lpc4;pcm_fftMag_spectralRollOff50.0_sma_de_range;pcm_fftMag_spectralRollOff50.0_sma_de_maxPos;pcm_fftMag_spectralRollOff50.0_sma_de_minPos;pcm_fftMag_spectralRollOff50.0_sma_de_quartile1;pcm_fftMag_spectralRollOff50.0_sma_de_quartile2;pcm_fftMag_spectralRollOff50.0_sma_de_quartile3;pcm_fftMag_spectralRollOff50.0_sma_de_iqr1-2;pcm_fftMag_spectralRollOff50.0_sma_de_iqr2-3;pcm_fftMag_spectralRollOff50.0_sma_de_iqr1-3;pcm_fftMag_spectralRollOff50.0_sma_de_percentile1.0;pcm_fftMag_spectralRollOff50.0_sma_de_percentile99.0;pcm_fftMag_spectralRollOff50.0_sma_de_pctlrange0-1;pcm_fftMag_spectralRollOff50.0_sma_de_stddev;pcm_fftMag_spectralRollOff50.0_sma_de_skewness;pcm_fftMag_spectralRollOff50.0_sma_de_kurtosis;pcm_fftMag_spectralRollOff50.0_sma_de_meanSegLen;pcm_fftMag_spectralRollOff50.0_sma_de_maxSegLen;pcm_fftMag_spectralRollOff50.0_sma_de_minSegLen;pcm_fftMag_spectralRollOff50.0_sma_de_segLenStddev;pcm_fftMag_spectralRollOff50.0_sma_de_upleveltime25;pcm_fftMag_spectralRollOff50.0_sma_de_upleveltime50;pcm_fftMag_spectralRollOff50.0_sma_de_upleveltime75;pcm_fftMag_spectralRollOff50.0_sma_de_upleveltime90;pcm_fftMag_spectralRollOff50.0_sma_de_risetime;pcm_fftMag_spectralRollOff50.0_sma_de_leftctime;pcm_fftMag_spectralRollOff50.0_sma_de_lpgain;pcm_fftMag_spectralRollOff50.0_sma_de_lpc0;pcm_fftMag_spectralRollOff50.0_sma_de_lpc1;pcm_fftMag_spectralRollOff50.0_sma_de_lpc2;pcm_fftMag_spectralRollOff50.0_sma_de_lpc3;pcm_fftMag_spectralRollOff50.0_sma_de_lpc4;pcm_fftMag_spectralRollOff75.0_sma_de_range;pcm_fftMag_spectralRollOff75.0_sma_de_maxPos;pcm_fftMag_spectralRollOff75.0_sma_de_minPos;pcm_fftMag_spectralRollOff75.0_sma_de_quartile1;pcm_fftMag_spectralRollOff75.0_sma_de_quartile2;pcm_fftMag_spectralRollOff75.0_sma_de_quartile3;pcm_fftMag_spectralRollOff75.0_sma_de_iqr1-2;pcm_fftMag_spectralRollOff75.0_sma_de_iqr2-3;pcm_fftMag_spectralRollOff75.0_sma_de_iqr1-3;pcm_fftMag_spectralRollOff75.0_sma_de_percentile1.0;pcm_fftMag_spectralRollOff75.0_sma_de_percentile99.0;pcm_fftMag_spectralRollOff75.0_sma_de_pctlrange0-1;pcm_fftMag_spectralRollOff75.0_sma_de_stddev;pcm_fftMag_spectralRollOff75.0_sma_de_skewness;pcm_fftMag_spectralRollOff75.0_sma_de_kurtosis;pcm_fftMag_spectralRollOff75.0_sma_de_meanSegLen;pcm_fftMag_spectralRollOff75.0_sma_de_maxSegLen;pcm_fftMag_spectralRollOff75.0_sma_de_minSegLen;pcm_fftMag_spectralRollOff75.0_sma_de_segLenStddev;pcm_fftMag_spectralRollOff75.0_sma_de_upleveltime25;pcm_fftMag_spectralRollOff75.0_sma_de_upleveltime50;pcm_fftMag_spectralRollOff75.0_sma_de_upleveltime75;pcm_fftMag_spectralRollOff75.0_sma_de_upleveltime90;pcm_fftMag_spectralRollOff75.0_sma_de_risetime;pcm_fftMag_spectralRollOff75.0_sma_de_leftctime;pcm_fftMag_spectralRollOff75.0_sma_de_lpgain;pcm_fftMag_spectralRollOff75.0_sma_de_lpc0;pcm_fftMag_spectralRollOff75.0_sma_de_lpc1;pcm_fftMag_spectralRollOff75.0_sma_de_lpc2;pcm_fftMag_spectralRollOff75.0_sma_de_lpc3;pcm_fftMag_spectralRollOff75.0_sma_de_lpc4;pcm_fftMag_spectralRollOff90.0_sma_de_range;pcm_fftMag_spectralRollOff90.0_sma_de_maxPos;pcm_fftMag_spectralRollOff90.0_sma_de_minPos;pcm_fftMag_spectralRollOff90.0_sma_de_quartile1;pcm_fftMag_spectralRollOff90.0_sma_de_quartile2;pcm_fftMag_spectralRollOff90.0_sma_de_quartile3;pcm_fftMag_spectralRollOff90.0_sma_de_iqr1-2;pcm_fftMag_spectralRollOff90.0_sma_de_iqr2-3;pcm_fftMag_spectralRollOff90.0_sma_de_iqr1-3;pcm_fftMag_spectralRollOff90.0_sma_de_percentile1.0;pcm_fftMag_spectralRollOff90.0_sma_de_percentile99.0;pcm_fftMag_spectralRollOff90.0_sma_de_pctlrange0-1;pcm_fftMag_spectralRollOff90.0_sma_de_stddev;pcm_fftMag_spectralRollOff90.0_sma_de_skewness;pcm_fftMag_spectralRollOff90.0_sma_de_kurtosis;pcm_fftMag_spectralRollOff90.0_sma_de_meanSegLen;pcm_fftMag_spectralRollOff90.0_sma_de_maxSegLen;pcm_fftMag_spectralRollOff90.0_sma_de_minSegLen;pcm_fftMag_spectralRollOff90.0_sma_de_segLenStddev;pcm_fftMag_spectralRollOff90.0_sma_de_upleveltime25;pcm_fftMag_spectralRollOff90.0_sma_de_upleveltime50;pcm_fftMag_spectralRollOff90.0_sma_de_upleveltime75;pcm_fftMag_spectralRollOff90.0_sma_de_upleveltime90;pcm_fftMag_spectralRollOff90.0_sma_de_risetime;pcm_fftMag_spectralRollOff90.0_sma_de_leftctime;pcm_fftMag_spectralRollOff90.0_sma_de_lpgain;pcm_fftMag_spectralRollOff90.0_sma_de_lpc0;pcm_fftMag_spectralRollOff90.0_sma_de_lpc1;pcm_fftMag_spectralRollOff90.0_sma_de_lpc2;pcm_fftMag_spectralRollOff90.0_sma_de_lpc3;pcm_fftMag_spectralRollOff90.0_sma_de_lpc4;pcm_fftMag_spectralFlux_sma_de_range;pcm_fftMag_spectralFlux_sma_de_maxPos;pcm_fftMag_spectralFlux_sma_de_minPos;pcm_fftMag_spectralFlux_sma_de_quartile1;pcm_fftMag_spectralFlux_sma_de_quartile2;pcm_fftMag_spectralFlux_sma_de_quartile3;pcm_fftMag_spectralFlux_sma_de_iqr1-2;pcm_fftMag_spectralFlux_sma_de_iqr2-3;pcm_fftMag_spectralFlux_sma_de_iqr1-3;pcm_fftMag_spectralFlux_sma_de_percentile1.0;pcm_fftMag_spectralFlux_sma_de_percentile99.0;pcm_fftMag_spectralFlux_sma_de_pctlrange0-1;pcm_fftMag_spectralFlux_sma_de_stddev;pcm_fftMag_spectralFlux_sma_de_skewness;pcm_fftMag_spectralFlux_sma_de_kurtosis;pcm_fftMag_spectralFlux_sma_de_meanSegLen;pcm_fftMag_spectralFlux_sma_de_maxSegLen;pcm_fftMag_spectralFlux_sma_de_minSegLen;pcm_fftMag_spectralFlux_sma_de_segLenStddev;pcm_fftMag_spectralFlux_sma_de_upleveltime25;pcm_fftMag_spectralFlux_sma_de_upleveltime50;pcm_fftMag_spectralFlux_sma_de_upleveltime75;pcm_fftMag_spectralFlux_sma_de_upleveltime90;pcm_fftMag_spectralFlux_sma_de_risetime;pcm_fftMag_spectralFlux_sma_de_leftctime;pcm_fftMag_spectralFlux_sma_de_lpgain;pcm_fftMag_spectralFlux_sma_de_lpc0;pcm_fftMag_spectralFlux_sma_de_lpc1;pcm_fftMag_spectralFlux_sma_de_lpc2;pcm_fftMag_spectralFlux_sma_de_lpc3;pcm_fftMag_spectralFlux_sma_de_lpc4;pcm_fftMag_spectralCentroid_sma_de_range;pcm_fftMag_spectralCentroid_sma_de_maxPos;pcm_fftMag_spectralCentroid_sma_de_minPos;pcm_fftMag_spectralCentroid_sma_de_quartile1;pcm_fftMag_spectralCentroid_sma_de_quartile2;pcm_fftMag_spectralCentroid_sma_de_quartile3;pcm_fftMag_spectralCentroid_sma_de_iqr1-2;pcm_fftMag_spectralCentroid_sma_de_iqr2-3;pcm_fftMag_spectralCentroid_sma_de_iqr1-3;pcm_fftMag_spectralCentroid_sma_de_percentile1.0;pcm_fftMag_spectralCentroid_sma_de_percentile99.0;pcm_fftMag_spectralCentroid_sma_de_pctlrange0-1;pcm_fftMag_spectralCentroid_sma_de_stddev;pcm_fftMag_spectralCentroid_sma_de_skewness;pcm_fftMag_spectralCentroid_sma_de_kurtosis;pcm_fftMag_spectralCentroid_sma_de_meanSegLen;pcm_fftMag_spectralCentroid_sma_de_maxSegLen;pcm_fftMag_spectralCentroid_sma_de_minSegLen;pcm_fftMag_spectralCentroid_sma_de_segLenStddev;pcm_fftMag_spectralCentroid_sma_de_upleveltime25;pcm_fftMag_spectralCentroid_sma_de_upleveltime50;pcm_fftMag_spectralCentroid_sma_de_upleveltime75;pcm_fftMag_spectralCentroid_sma_de_upleveltime90;pcm_fftMag_spectralCentroid_sma_de_risetime;pcm_fftMag_spectralCentroid_sma_de_leftctime;pcm_fftMag_spectralCentroid_sma_de_lpgain;pcm_fftMag_spectralCentroid_sma_de_lpc0;pcm_fftMag_spectralCentroid_sma_de_lpc1;pcm_fftMag_spectralCentroid_sma_de_lpc2;pcm_fftMag_spectralCentroid_sma_de_lpc3;pcm_fftMag_spectralCentroid_sma_de_lpc4;pcm_fftMag_spectralEntropy_sma_de_range;pcm_fftMag_spectralEntropy_sma_de_maxPos;pcm_fftMag_spectralEntropy_sma_de_minPos;pcm_fftMag_spectralEntropy_sma_de_quartile1;pcm_fftMag_spectralEntropy_sma_de_quartile2;pcm_fftMag_spectralEntropy_sma_de_quartile3;pcm_fftMag_spectralEntropy_sma_de_iqr1-2;pcm_fftMag_spectralEntropy_sma_de_iqr2-3;pcm_fftMag_spectralEntropy_sma_de_iqr1-3;pcm_fftMag_spectralEntropy_sma_de_percentile1.0;pcm_fftMag_spectralEntropy_sma_de_percentile99.0;pcm_fftMag_spectralEntropy_sma_de_pctlrange0-1;pcm_fftMag_spectralEntropy_sma_de_stddev;pcm_fftMag_spectralEntropy_sma_de_skewness;pcm_fftMag_spectralEntropy_sma_de_kurtosis;pcm_fftMag_spectralEntropy_sma_de_meanSegLen;pcm_fftMag_spectralEntropy_sma_de_maxSegLen;pcm_fftMag_spectralEntropy_sma_de_minSegLen;pcm_fftMag_spectralEntropy_sma_de_segLenStddev;pcm_fftMag_spectralEntropy_sma_de_upleveltime25;pcm_fftMag_spectralEntropy_sma_de_upleveltime50;pcm_fftMag_spectralEntropy_sma_de_upleveltime75;pcm_fftMag_spectralEntropy_sma_de_upleveltime90;pcm_fftMag_spectralEntropy_sma_de_risetime;pcm_fftMag_spectralEntropy_sma_de_leftctime;pcm_fftMag_spectralEntropy_sma_de_lpgain;pcm_fftMag_spectralEntropy_sma_de_lpc0;pcm_fftMag_spectralEntropy_sma_de_lpc1;pcm_fftMag_spectralEntropy_sma_de_lpc2;pcm_fftMag_spectralEntropy_sma_de_lpc3;pcm_fftMag_spectralEntropy_sma_de_lpc4;pcm_fftMag_spectralVariance_sma_de_range;pcm_fftMag_spectralVariance_sma_de_maxPos;pcm_fftMag_spectralVariance_sma_de_minPos;pcm_fftMag_spectralVariance_sma_de_quartile1;pcm_fftMag_spectralVariance_sma_de_quartile2;pcm_fftMag_spectralVariance_sma_de_quartile3;pcm_fftMag_spectralVariance_sma_de_iqr1-2;pcm_fftMag_spectralVariance_sma_de_iqr2-3;pcm_fftMag_spectralVariance_sma_de_iqr1-3;pcm_fftMag_spectralVariance_sma_de_percentile1.0;pcm_fftMag_spectralVariance_sma_de_percentile99.0;pcm_fftMag_spectralVariance_sma_de_pctlrange0-1;pcm_fftMag_spectralVariance_sma_de_stddev;pcm_fftMag_spectralVariance_sma_de_skewness;pcm_fftMag_spectralVariance_sma_de_kurtosis;pcm_fftMag_spectralVariance_sma_de_meanSegLen;pcm_fftMag_spectralVariance_sma_de_maxSegLen;pcm_fftMag_spectralVariance_sma_de_minSegLen;pcm_fftMag_spectralVariance_sma_de_segLenStddev;pcm_fftMag_spectralVariance_sma_de_upleveltime25;pcm_fftMag_spectralVariance_sma_de_upleveltime50;pcm_fftMag_spectralVariance_sma_de_upleveltime75;pcm_fftMag_spectralVariance_sma_de_upleveltime90;pcm_fftMag_spectralVariance_sma_de_risetime;pcm_fftMag_spectralVariance_sma_de_leftctime;pcm_fftMag_spectralVariance_sma_de_lpgain;pcm_fftMag_spectralVariance_sma_de_lpc0;pcm_fftMag_spectralVariance_sma_de_lpc1;pcm_fftMag_spectralVariance_sma_de_lpc2;pcm_fftMag_spectralVariance_sma_de_lpc3;pcm_fftMag_spectralVariance_sma_de_lpc4;pcm_fftMag_spectralSkewness_sma_de_range;pcm_fftMag_spectralSkewness_sma_de_maxPos;pcm_fftMag_spectralSkewness_sma_de_minPos;pcm_fftMag_spectralSkewness_sma_de_quartile1;pcm_fftMag_spectralSkewness_sma_de_quartile2;pcm_fftMag_spectralSkewness_sma_de_quartile3;pcm_fftMag_spectralSkewness_sma_de_iqr1-2;pcm_fftMag_spectralSkewness_sma_de_iqr2-3;pcm_fftMag_spectralSkewness_sma_de_iqr1-3;pcm_fftMag_spectralSkewness_sma_de_percentile1.0;pcm_fftMag_spectralSkewness_sma_de_percentile99.0;pcm_fftMag_spectralSkewness_sma_de_pctlrange0-1;pcm_fftMag_spectralSkewness_sma_de_stddev;pcm_fftMag_spectralSkewness_sma_de_skewness;pcm_fftMag_spectralSkewness_sma_de_kurtosis;pcm_fftMag_spectralSkewness_sma_de_meanSegLen;pcm_fftMag_spectralSkewness_sma_de_maxSegLen;pcm_fftMag_spectralSkewness_sma_de_minSegLen;pcm_fftMag_spectralSkewness_sma_de_segLenStddev;pcm_fftMag_spectralSkewness_sma_de_upleveltime25;pcm_fftMag_spectralSkewness_sma_de_upleveltime50;pcm_fftMag_spectralSkewness_sma_de_upleveltime75;pcm_fftMag_spectralSkewness_sma_de_upleveltime90;pcm_fftMag_spectralSkewness_sma_de_risetime;pcm_fftMag_spectralSkewness_sma_de_leftctime;pcm_fftMag_spectralSkewness_sma_de_lpgain;pcm_fftMag_spectralSkewness_sma_de_lpc0;pcm_fftMag_spectralSkewness_sma_de_lpc1;pcm_fftMag_spectralSkewness_sma_de_lpc2;pcm_fftMag_spectralSkewness_sma_de_lpc3;pcm_fftMag_spectralSkewness_sma_de_lpc4;pcm_fftMag_spectralKurtosis_sma_de_range;pcm_fftMag_spectralKurtosis_sma_de_maxPos;pcm_fftMag_spectralKurtosis_sma_de_minPos;pcm_fftMag_spectralKurtosis_sma_de_quartile1;pcm_fftMag_spectralKurtosis_sma_de_quartile2;pcm_fftMag_spectralKurtosis_sma_de_quartile3;pcm_fftMag_spectralKurtosis_sma_de_iqr1-2;pcm_fftMag_spectralKurtosis_sma_de_iqr2-3;pcm_fftMag_spectralKurtosis_sma_de_iqr1-3;pcm_fftMag_spectralKurtosis_sma_de_percentile1.0;pcm_fftMag_spectralKurtosis_sma_de_percentile99.0;pcm_fftMag_spectralKurtosis_sma_de_pctlrange0-1;pcm_fftMag_spectralKurtosis_sma_de_stddev;pcm_fftMag_spectralKurtosis_sma_de_skewness;pcm_fftMag_spectralKurtosis_sma_de_kurtosis;pcm_fftMag_spectralKurtosis_sma_de_meanSegLen;pcm_fftMag_spectralKurtosis_sma_de_maxSegLen;pcm_fftMag_spectralKurtosis_sma_de_minSegLen;pcm_fftMag_spectralKurtosis_sma_de_segLenStddev;pcm_fftMag_spectralKurtosis_sma_de_upleveltime25;pcm_fftMag_spectralKurtosis_sma_de_upleveltime50;pcm_fftMag_spectralKurtosis_sma_de_upleveltime75;pcm_fftMag_spectralKurtosis_sma_de_upleveltime90;pcm_fftMag_spectralKurtosis_sma_de_risetime;pcm_fftMag_spectralKurtosis_sma_de_leftctime;pcm_fftMag_spectralKurtosis_sma_de_lpgain;pcm_fftMag_spectralKurtosis_sma_de_lpc0;pcm_fftMag_spectralKurtosis_sma_de_lpc1;pcm_fftMag_spectralKurtosis_sma_de_lpc2;pcm_fftMag_spectralKurtosis_sma_de_lpc3;pcm_fftMag_spectralKurtosis_sma_de_lpc4;pcm_fftMag_spectralSlope_sma_de_range;pcm_fftMag_spectralSlope_sma_de_maxPos;pcm_fftMag_spectralSlope_sma_de_minPos;pcm_fftMag_spectralSlope_sma_de_quartile1;pcm_fftMag_spectralSlope_sma_de_quartile2;pcm_fftMag_spectralSlope_sma_de_quartile3;pcm_fftMag_spectralSlope_sma_de_iqr1-2;pcm_fftMag_spectralSlope_sma_de_iqr2-3;pcm_fftMag_spectralSlope_sma_de_iqr1-3;pcm_fftMag_spectralSlope_sma_de_percentile1.0;pcm_fftMag_spectralSlope_sma_de_percentile99.0;pcm_fftMag_spectralSlope_sma_de_pctlrange0-1;pcm_fftMag_spectralSlope_sma_de_stddev;pcm_fftMag_spectralSlope_sma_de_skewness;pcm_fftMag_spectralSlope_sma_de_kurtosis;pcm_fftMag_spectralSlope_sma_de_meanSegLen;pcm_fftMag_spectralSlope_sma_de_maxSegLen;pcm_fftMag_spectralSlope_sma_de_minSegLen;pcm_fftMag_spectralSlope_sma_de_segLenStddev;pcm_fftMag_spectralSlope_sma_de_upleveltime25;pcm_fftMag_spectralSlope_sma_de_upleveltime50;pcm_fftMag_spectralSlope_sma_de_upleveltime75;pcm_fftMag_spectralSlope_sma_de_upleveltime90;pcm_fftMag_spectralSlope_sma_de_risetime;pcm_fftMag_spectralSlope_sma_de_leftctime;pcm_fftMag_spectralSlope_sma_de_lpgain;pcm_fftMag_spectralSlope_sma_de_lpc0;pcm_fftMag_spectralSlope_sma_de_lpc1;pcm_fftMag_spectralSlope_sma_de_lpc2;pcm_fftMag_spectralSlope_sma_de_lpc3;pcm_fftMag_spectralSlope_sma_de_lpc4;pcm_fftMag_psySharpness_sma_de_range;pcm_fftMag_psySharpness_sma_de_maxPos;pcm_fftMag_psySharpness_sma_de_minPos;pcm_fftMag_psySharpness_sma_de_quartile1;pcm_fftMag_psySharpness_sma_de_quartile2;pcm_fftMag_psySharpness_sma_de_quartile3;pcm_fftMag_psySharpness_sma_de_iqr1-2;pcm_fftMag_psySharpness_sma_de_iqr2-3;pcm_fftMag_psySharpness_sma_de_iqr1-3;pcm_fftMag_psySharpness_sma_de_percentile1.0;pcm_fftMag_psySharpness_sma_de_percentile99.0;pcm_fftMag_psySharpness_sma_de_pctlrange0-1;pcm_fftMag_psySharpness_sma_de_stddev;pcm_fftMag_psySharpness_sma_de_skewness;pcm_fftMag_psySharpness_sma_de_kurtosis;pcm_fftMag_psySharpness_sma_de_meanSegLen;pcm_fftMag_psySharpness_sma_de_maxSegLen;pcm_fftMag_psySharpness_sma_de_minSegLen;pcm_fftMag_psySharpness_sma_de_segLenStddev;pcm_fftMag_psySharpness_sma_de_upleveltime25;pcm_fftMag_psySharpness_sma_de_upleveltime50;pcm_fftMag_psySharpness_sma_de_upleveltime75;pcm_fftMag_psySharpness_sma_de_upleveltime90;pcm_fftMag_psySharpness_sma_de_risetime;pcm_fftMag_psySharpness_sma_de_leftctime;pcm_fftMag_psySharpness_sma_de_lpgain;pcm_fftMag_psySharpness_sma_de_lpc0;pcm_fftMag_psySharpness_sma_de_lpc1;pcm_fftMag_psySharpness_sma_de_lpc2;pcm_fftMag_psySharpness_sma_de_lpc3;pcm_fftMag_psySharpness_sma_de_lpc4;pcm_fftMag_spectralHarmonicity_sma_de_range;pcm_fftMag_spectralHarmonicity_sma_de_maxPos;pcm_fftMag_spectralHarmonicity_sma_de_minPos;pcm_fftMag_spectralHarmonicity_sma_de_quartile1;pcm_fftMag_spectralHarmonicity_sma_de_quartile2;pcm_fftMag_spectralHarmonicity_sma_de_quartile3;pcm_fftMag_spectralHarmonicity_sma_de_iqr1-2;pcm_fftMag_spectralHarmonicity_sma_de_iqr2-3;pcm_fftMag_spectralHarmonicity_sma_de_iqr1-3;pcm_fftMag_spectralHarmonicity_sma_de_percentile1.0;pcm_fftMag_spectralHarmonicity_sma_de_percentile99.0;pcm_fftMag_spectralHarmonicity_sma_de_pctlrange0-1;pcm_fftMag_spectralHarmonicity_sma_de_stddev;pcm_fftMag_spectralHarmonicity_sma_de_skewness;pcm_fftMag_spectralHarmonicity_sma_de_kurtosis;pcm_fftMag_spectralHarmonicity_sma_de_meanSegLen;pcm_fftMag_spectralHarmonicity_sma_de_maxSegLen;pcm_fftMag_spectralHarmonicity_sma_de_minSegLen;pcm_fftMag_spectralHarmonicity_sma_de_segLenStddev;pcm_fftMag_spectralHarmonicity_sma_de_upleveltime25;pcm_fftMag_spectralHarmonicity_sma_de_upleveltime50;pcm_fftMag_spectralHarmonicity_sma_de_upleveltime75;pcm_fftMag_spectralHarmonicity_sma_de_upleveltime90;pcm_fftMag_spectralHarmonicity_sma_de_risetime;pcm_fftMag_spectralHarmonicity_sma_de_leftctime;pcm_fftMag_spectralHarmonicity_sma_de_lpgain;pcm_fftMag_spectralHarmonicity_sma_de_lpc0;pcm_fftMag_spectralHarmonicity_sma_de_lpc1;pcm_fftMag_spectralHarmonicity_sma_de_lpc2;pcm_fftMag_spectralHarmonicity_sma_de_lpc3;pcm_fftMag_spectralHarmonicity_sma_de_lpc4;mfcc_sma_de[1]_range;mfcc_sma_de[1]_maxPos;mfcc_sma_de[1]_minPos;mfcc_sma_de[1]_quartile1;mfcc_sma_de[1]_quartile2;mfcc_sma_de[1]_quartile3;mfcc_sma_de[1]_iqr1-2;mfcc_sma_de[1]_iqr2-3;mfcc_sma_de[1]_iqr1-3;mfcc_sma_de[1]_percentile1.0;mfcc_sma_de[1]_percentile99.0;mfcc_sma_de[1]_pctlrange0-1;mfcc_sma_de[1]_stddev;mfcc_sma_de[1]_skewness;mfcc_sma_de[1]_kurtosis;mfcc_sma_de[1]_meanSegLen;mfcc_sma_de[1]_maxSegLen;mfcc_sma_de[1]_minSegLen;mfcc_sma_de[1]_segLenStddev;mfcc_sma_de[1]_upleveltime25;mfcc_sma_de[1]_upleveltime50;mfcc_sma_de[1]_upleveltime75;mfcc_sma_de[1]_upleveltime90;mfcc_sma_de[1]_risetime;mfcc_sma_de[1]_leftctime;mfcc_sma_de[1]_lpgain;mfcc_sma_de[1]_lpc0;mfcc_sma_de[1]_lpc1;mfcc_sma_de[1]_lpc2;mfcc_sma_de[1]_lpc3;mfcc_sma_de[1]_lpc4;mfcc_sma_de[2]_range;mfcc_sma_de[2]_maxPos;mfcc_sma_de[2]_minPos;mfcc_sma_de[2]_quartile1;mfcc_sma_de[2]_quartile2;mfcc_sma_de[2]_quartile3;mfcc_sma_de[2]_iqr1-2;mfcc_sma_de[2]_iqr2-3;mfcc_sma_de[2]_iqr1-3;mfcc_sma_de[2]_percentile1.0;mfcc_sma_de[2]_percentile99.0;mfcc_sma_de[2]_pctlrange0-1;mfcc_sma_de[2]_stddev;mfcc_sma_de[2]_skewness;mfcc_sma_de[2]_kurtosis;mfcc_sma_de[2]_meanSegLen;mfcc_sma_de[2]_maxSegLen;mfcc_sma_de[2]_minSegLen;mfcc_sma_de[2]_segLenStddev;mfcc_sma_de[2]_upleveltime25;mfcc_sma_de[2]_upleveltime50;mfcc_sma_de[2]_upleveltime75;mfcc_sma_de[2]_upleveltime90;mfcc_sma_de[2]_risetime;mfcc_sma_de[2]_leftctime;mfcc_sma_de[2]_lpgain;mfcc_sma_de[2]_lpc0;mfcc_sma_de[2]_lpc1;mfcc_sma_de[2]_lpc2;mfcc_sma_de[2]_lpc3;mfcc_sma_de[2]_lpc4;mfcc_sma_de[3]_range;mfcc_sma_de[3]_maxPos;mfcc_sma_de[3]_minPos;mfcc_sma_de[3]_quartile1;mfcc_sma_de[3]_quartile2;mfcc_sma_de[3]_quartile3;mfcc_sma_de[3]_iqr1-2;mfcc_sma_de[3]_iqr2-3;mfcc_sma_de[3]_iqr1-3;mfcc_sma_de[3]_percentile1.0;mfcc_sma_de[3]_percentile99.0;mfcc_sma_de[3]_pctlrange0-1;mfcc_sma_de[3]_stddev;mfcc_sma_de[3]_skewness;mfcc_sma_de[3]_kurtosis;mfcc_sma_de[3]_meanSegLen;mfcc_sma_de[3]_maxSegLen;mfcc_sma_de[3]_minSegLen;mfcc_sma_de[3]_segLenStddev;mfcc_sma_de[3]_upleveltime25;mfcc_sma_de[3]_upleveltime50;mfcc_sma_de[3]_upleveltime75;mfcc_sma_de[3]_upleveltime90;mfcc_sma_de[3]_risetime;mfcc_sma_de[3]_leftctime;mfcc_sma_de[3]_lpgain;mfcc_sma_de[3]_lpc0;mfcc_sma_de[3]_lpc1;mfcc_sma_de[3]_lpc2;mfcc_sma_de[3]_lpc3;mfcc_sma_de[3]_lpc4;mfcc_sma_de[4]_range;mfcc_sma_de[4]_maxPos;mfcc_sma_de[4]_minPos;mfcc_sma_de[4]_quartile1;mfcc_sma_de[4]_quartile2;mfcc_sma_de[4]_quartile3;mfcc_sma_de[4]_iqr1-2;mfcc_sma_de[4]_iqr2-3;mfcc_sma_de[4]_iqr1-3;mfcc_sma_de[4]_percentile1.0;mfcc_sma_de[4]_percentile99.0;mfcc_sma_de[4]_pctlrange0-1;mfcc_sma_de[4]_stddev;mfcc_sma_de[4]_skewness;mfcc_sma_de[4]_kurtosis;mfcc_sma_de[4]_meanSegLen;mfcc_sma_de[4]_maxSegLen;mfcc_sma_de[4]_minSegLen;mfcc_sma_de[4]_segLenStddev;mfcc_sma_de[4]_upleveltime25;mfcc_sma_de[4]_upleveltime50;mfcc_sma_de[4]_upleveltime75;mfcc_sma_de[4]_upleveltime90;mfcc_sma_de[4]_risetime;mfcc_sma_de[4]_leftctime;mfcc_sma_de[4]_lpgain;mfcc_sma_de[4]_lpc0;mfcc_sma_de[4]_lpc1;mfcc_sma_de[4]_lpc2;mfcc_sma_de[4]_lpc3;mfcc_sma_de[4]_lpc4;mfcc_sma_de[5]_range;mfcc_sma_de[5]_maxPos;mfcc_sma_de[5]_minPos;mfcc_sma_de[5]_quartile1;mfcc_sma_de[5]_quartile2;mfcc_sma_de[5]_quartile3;mfcc_sma_de[5]_iqr1-2;mfcc_sma_de[5]_iqr2-3;mfcc_sma_de[5]_iqr1-3;mfcc_sma_de[5]_percentile1.0;mfcc_sma_de[5]_percentile99.0;mfcc_sma_de[5]_pctlrange0-1;mfcc_sma_de[5]_stddev;mfcc_sma_de[5]_skewness;mfcc_sma_de[5]_kurtosis;mfcc_sma_de[5]_meanSegLen;mfcc_sma_de[5]_maxSegLen;mfcc_sma_de[5]_minSegLen;mfcc_sma_de[5]_segLenStddev;mfcc_sma_de[5]_upleveltime25;mfcc_sma_de[5]_upleveltime50;mfcc_sma_de[5]_upleveltime75;mfcc_sma_de[5]_upleveltime90;mfcc_sma_de[5]_risetime;mfcc_sma_de[5]_leftctime;mfcc_sma_de[5]_lpgain;mfcc_sma_de[5]_lpc0;mfcc_sma_de[5]_lpc1;mfcc_sma_de[5]_lpc2;mfcc_sma_de[5]_lpc3;mfcc_sma_de[5]_lpc4;mfcc_sma_de[6]_range;mfcc_sma_de[6]_maxPos;mfcc_sma_de[6]_minPos;mfcc_sma_de[6]_quartile1;mfcc_sma_de[6]_quartile2;mfcc_sma_de[6]_quartile3;mfcc_sma_de[6]_iqr1-2;mfcc_sma_de[6]_iqr2-3;mfcc_sma_de[6]_iqr1-3;mfcc_sma_de[6]_percentile1.0;mfcc_sma_de[6]_percentile99.0;mfcc_sma_de[6]_pctlrange0-1;mfcc_sma_de[6]_stddev;mfcc_sma_de[6]_skewness;mfcc_sma_de[6]_kurtosis;mfcc_sma_de[6]_meanSegLen;mfcc_sma_de[6]_maxSegLen;mfcc_sma_de[6]_minSegLen;mfcc_sma_de[6]_segLenStddev;mfcc_sma_de[6]_upleveltime25;mfcc_sma_de[6]_upleveltime50;mfcc_sma_de[6]_upleveltime75;mfcc_sma_de[6]_upleveltime90;mfcc_sma_de[6]_risetime;mfcc_sma_de[6]_leftctime;mfcc_sma_de[6]_lpgain;mfcc_sma_de[6]_lpc0;mfcc_sma_de[6]_lpc1;mfcc_sma_de[6]_lpc2;mfcc_sma_de[6]_lpc3;mfcc_sma_de[6]_lpc4;mfcc_sma_de[7]_range;mfcc_sma_de[7]_maxPos;mfcc_sma_de[7]_minPos;mfcc_sma_de[7]_quartile1;mfcc_sma_de[7]_quartile2;mfcc_sma_de[7]_quartile3;mfcc_sma_de[7]_iqr1-2;mfcc_sma_de[7]_iqr2-3;mfcc_sma_de[7]_iqr1-3;mfcc_sma_de[7]_percentile1.0;mfcc_sma_de[7]_percentile99.0;mfcc_sma_de[7]_pctlrange0-1;mfcc_sma_de[7]_stddev;mfcc_sma_de[7]_skewness;mfcc_sma_de[7]_kurtosis;mfcc_sma_de[7]_meanSegLen;mfcc_sma_de[7]_maxSegLen;mfcc_sma_de[7]_minSegLen;mfcc_sma_de[7]_segLenStddev;mfcc_sma_de[7]_upleveltime25;mfcc_sma_de[7]_upleveltime50;mfcc_sma_de[7]_upleveltime75;mfcc_sma_de[7]_upleveltime90;mfcc_sma_de[7]_risetime;mfcc_sma_de[7]_leftctime;mfcc_sma_de[7]_lpgain;mfcc_sma_de[7]_lpc0;mfcc_sma_de[7]_lpc1;mfcc_sma_de[7]_lpc2;mfcc_sma_de[7]_lpc3;mfcc_sma_de[7]_lpc4;mfcc_sma_de[8]_range;mfcc_sma_de[8]_maxPos;mfcc_sma_de[8]_minPos;mfcc_sma_de[8]_quartile1;mfcc_sma_de[8]_quartile2;mfcc_sma_de[8]_quartile3;mfcc_sma_de[8]_iqr1-2;mfcc_sma_de[8]_iqr2-3;mfcc_sma_de[8]_iqr1-3;mfcc_sma_de[8]_percentile1.0;mfcc_sma_de[8]_percentile99.0;mfcc_sma_de[8]_pctlrange0-1;mfcc_sma_de[8]_stddev;mfcc_sma_de[8]_skewness;mfcc_sma_de[8]_kurtosis;mfcc_sma_de[8]_meanSegLen;mfcc_sma_de[8]_maxSegLen;mfcc_sma_de[8]_minSegLen;mfcc_sma_de[8]_segLenStddev;mfcc_sma_de[8]_upleveltime25;mfcc_sma_de[8]_upleveltime50;mfcc_sma_de[8]_upleveltime75;mfcc_sma_de[8]_upleveltime90;mfcc_sma_de[8]_risetime;mfcc_sma_de[8]_leftctime;mfcc_sma_de[8]_lpgain;mfcc_sma_de[8]_lpc0;mfcc_sma_de[8]_lpc1;mfcc_sma_de[8]_lpc2;mfcc_sma_de[8]_lpc3;mfcc_sma_de[8]_lpc4;mfcc_sma_de[9]_range;mfcc_sma_de[9]_maxPos;mfcc_sma_de[9]_minPos;mfcc_sma_de[9]_quartile1;mfcc_sma_de[9]_quartile2;mfcc_sma_de[9]_quartile3;mfcc_sma_de[9]_iqr1-2;mfcc_sma_de[9]_iqr2-3;mfcc_sma_de[9]_iqr1-3;mfcc_sma_de[9]_percentile1.0;mfcc_sma_de[9]_percentile99.0;mfcc_sma_de[9]_pctlrange0-1;mfcc_sma_de[9]_stddev;mfcc_sma_de[9]_skewness;mfcc_sma_de[9]_kurtosis;mfcc_sma_de[9]_meanSegLen;mfcc_sma_de[9]_maxSegLen;mfcc_sma_de[9]_minSegLen;mfcc_sma_de[9]_segLenStddev;mfcc_sma_de[9]_upleveltime25;mfcc_sma_de[9]_upleveltime50;mfcc_sma_de[9]_upleveltime75;mfcc_sma_de[9]_upleveltime90;mfcc_sma_de[9]_risetime;mfcc_sma_de[9]_leftctime;mfcc_sma_de[9]_lpgain;mfcc_sma_de[9]_lpc0;mfcc_sma_de[9]_lpc1;mfcc_sma_de[9]_lpc2;mfcc_sma_de[9]_lpc3;mfcc_sma_de[9]_lpc4;mfcc_sma_de[10]_range;mfcc_sma_de[10]_maxPos;mfcc_sma_de[10]_minPos;mfcc_sma_de[10]_quartile1;mfcc_sma_de[10]_quartile2;mfcc_sma_de[10]_quartile3;mfcc_sma_de[10]_iqr1-2;mfcc_sma_de[10]_iqr2-3;mfcc_sma_de[10]_iqr1-3;mfcc_sma_de[10]_percentile1.0;mfcc_sma_de[10]_percentile99.0;mfcc_sma_de[10]_pctlrange0-1;mfcc_sma_de[10]_stddev;mfcc_sma_de[10]_skewness;mfcc_sma_de[10]_kurtosis;mfcc_sma_de[10]_meanSegLen;mfcc_sma_de[10]_maxSegLen;mfcc_sma_de[10]_minSegLen;mfcc_sma_de[10]_segLenStddev;mfcc_sma_de[10]_upleveltime25;mfcc_sma_de[10]_upleveltime50;mfcc_sma_de[10]_upleveltime75;mfcc_sma_de[10]_upleveltime90;mfcc_sma_de[10]_risetime;mfcc_sma_de[10]_leftctime;mfcc_sma_de[10]_lpgain;mfcc_sma_de[10]_lpc0;mfcc_sma_de[10]_lpc1;mfcc_sma_de[10]_lpc2;mfcc_sma_de[10]_lpc3;mfcc_sma_de[10]_lpc4;mfcc_sma_de[11]_range;mfcc_sma_de[11]_maxPos;mfcc_sma_de[11]_minPos;mfcc_sma_de[11]_quartile1;mfcc_sma_de[11]_quartile2;mfcc_sma_de[11]_quartile3;mfcc_sma_de[11]_iqr1-2;mfcc_sma_de[11]_iqr2-3;mfcc_sma_de[11]_iqr1-3;mfcc_sma_de[11]_percentile1.0;mfcc_sma_de[11]_percentile99.0;mfcc_sma_de[11]_pctlrange0-1;mfcc_sma_de[11]_stddev;mfcc_sma_de[11]_skewness;mfcc_sma_de[11]_kurtosis;mfcc_sma_de[11]_meanSegLen;mfcc_sma_de[11]_maxSegLen;mfcc_sma_de[11]_minSegLen;mfcc_sma_de[11]_segLenStddev;mfcc_sma_de[11]_upleveltime25;mfcc_sma_de[11]_upleveltime50;mfcc_sma_de[11]_upleveltime75;mfcc_sma_de[11]_upleveltime90;mfcc_sma_de[11]_risetime;mfcc_sma_de[11]_leftctime;mfcc_sma_de[11]_lpgain;mfcc_sma_de[11]_lpc0;mfcc_sma_de[11]_lpc1;mfcc_sma_de[11]_lpc2;mfcc_sma_de[11]_lpc3;mfcc_sma_de[11]_lpc4;mfcc_sma_de[12]_range;mfcc_sma_de[12]_maxPos;mfcc_sma_de[12]_minPos;mfcc_sma_de[12]_quartile1;mfcc_sma_de[12]_quartile2;mfcc_sma_de[12]_quartile3;mfcc_sma_de[12]_iqr1-2;mfcc_sma_de[12]_iqr2-3;mfcc_sma_de[12]_iqr1-3;mfcc_sma_de[12]_percentile1.0;mfcc_sma_de[12]_percentile99.0;mfcc_sma_de[12]_pctlrange0-1;mfcc_sma_de[12]_stddev;mfcc_sma_de[12]_skewness;mfcc_sma_de[12]_kurtosis;mfcc_sma_de[12]_meanSegLen;mfcc_sma_de[12]_maxSegLen;mfcc_sma_de[12]_minSegLen;mfcc_sma_de[12]_segLenStddev;mfcc_sma_de[12]_upleveltime25;mfcc_sma_de[12]_upleveltime50;mfcc_sma_de[12]_upleveltime75;mfcc_sma_de[12]_upleveltime90;mfcc_sma_de[12]_risetime;mfcc_sma_de[12]_leftctime;mfcc_sma_de[12]_lpgain;mfcc_sma_de[12]_lpc0;mfcc_sma_de[12]_lpc1;mfcc_sma_de[12]_lpc2;mfcc_sma_de[12]_lpc3;mfcc_sma_de[12]_lpc4;mfcc_sma_de[13]_range;mfcc_sma_de[13]_maxPos;mfcc_sma_de[13]_minPos;mfcc_sma_de[13]_quartile1;mfcc_sma_de[13]_quartile2;mfcc_sma_de[13]_quartile3;mfcc_sma_de[13]_iqr1-2;mfcc_sma_de[13]_iqr2-3;mfcc_sma_de[13]_iqr1-3;mfcc_sma_de[13]_percentile1.0;mfcc_sma_de[13]_percentile99.0;mfcc_sma_de[13]_pctlrange0-1;mfcc_sma_de[13]_stddev;mfcc_sma_de[13]_skewness;mfcc_sma_de[13]_kurtosis;mfcc_sma_de[13]_meanSegLen;mfcc_sma_de[13]_maxSegLen;mfcc_sma_de[13]_minSegLen;mfcc_sma_de[13]_segLenStddev;mfcc_sma_de[13]_upleveltime25;mfcc_sma_de[13]_upleveltime50;mfcc_sma_de[13]_upleveltime75;mfcc_sma_de[13]_upleveltime90;mfcc_sma_de[13]_risetime;mfcc_sma_de[13]_leftctime;mfcc_sma_de[13]_lpgain;mfcc_sma_de[13]_lpc0;mfcc_sma_de[13]_lpc1;mfcc_sma_de[13]_lpc2;mfcc_sma_de[13]_lpc3;mfcc_sma_de[13]_lpc4;mfcc_sma_de[14]_range;mfcc_sma_de[14]_maxPos;mfcc_sma_de[14]_minPos;mfcc_sma_de[14]_quartile1;mfcc_sma_de[14]_quartile2;mfcc_sma_de[14]_quartile3;mfcc_sma_de[14]_iqr1-2;mfcc_sma_de[14]_iqr2-3;mfcc_sma_de[14]_iqr1-3;mfcc_sma_de[14]_percentile1.0;mfcc_sma_de[14]_percentile99.0;mfcc_sma_de[14]_pctlrange0-1;mfcc_sma_de[14]_stddev;mfcc_sma_de[14]_skewness;mfcc_sma_de[14]_kurtosis;mfcc_sma_de[14]_meanSegLen;mfcc_sma_de[14]_maxSegLen;mfcc_sma_de[14]_minSegLen;mfcc_sma_de[14]_segLenStddev;mfcc_sma_de[14]_upleveltime25;mfcc_sma_de[14]_upleveltime50;mfcc_sma_de[14]_upleveltime75;mfcc_sma_de[14]_upleveltime90;mfcc_sma_de[14]_risetime;mfcc_sma_de[14]_leftctime;mfcc_sma_de[14]_lpgain;mfcc_sma_de[14]_lpc0;mfcc_sma_de[14]_lpc1;mfcc_sma_de[14]_lpc2;mfcc_sma_de[14]_lpc3;mfcc_sma_de[14]_lpc4;F0final_sma_amean;F0final_sma_flatness;F0final_sma_posamean;F0final_sma_rqmean;F0final_sma_range;F0final_sma_maxPos;F0final_sma_minPos;F0final_sma_linregc1;F0final_sma_linregc2;F0final_sma_linregerrQ;F0final_sma_qregc1;F0final_sma_qregc2;F0final_sma_qregc3;F0final_sma_qregerrQ;F0final_sma_centroid;F0final_sma_quartile1;F0final_sma_quartile2;F0final_sma_quartile3;F0final_sma_iqr1-2;F0final_sma_iqr2-3;F0final_sma_iqr1-3;F0final_sma_percentile1.0;F0final_sma_percentile99.0;F0final_sma_pctlrange0-1;F0final_sma_stddev;F0final_sma_skewness;F0final_sma_kurtosis;F0final_sma_upleveltime25;F0final_sma_upleveltime50;F0final_sma_upleveltime75;F0final_sma_upleveltime90;F0final_sma_risetime;F0final_sma_leftctime;F0final_sma_lpgain;F0final_sma_lpc0;F0final_sma_lpc1;F0final_sma_lpc2;F0final_sma_lpc3;F0final_sma_lpc4;voicingFinalUnclipped_sma_amean;voicingFinalUnclipped_sma_flatness;voicingFinalUnclipped_sma_posamean;voicingFinalUnclipped_sma_rqmean;voicingFinalUnclipped_sma_range;voicingFinalUnclipped_sma_maxPos;voicingFinalUnclipped_sma_minPos;voicingFinalUnclipped_sma_linregc1;voicingFinalUnclipped_sma_linregc2;voicingFinalUnclipped_sma_linregerrQ;voicingFinalUnclipped_sma_qregc1;voicingFinalUnclipped_sma_qregc2;voicingFinalUnclipped_sma_qregc3;voicingFinalUnclipped_sma_qregerrQ;voicingFinalUnclipped_sma_centroid;voicingFinalUnclipped_sma_quartile1;voicingFinalUnclipped_sma_quartile2;voicingFinalUnclipped_sma_quartile3;voicingFinalUnclipped_sma_iqr1-2;voicingFinalUnclipped_sma_iqr2-3;voicingFinalUnclipped_sma_iqr1-3;voicingFinalUnclipped_sma_percentile1.0;voicingFinalUnclipped_sma_percentile99.0;voicingFinalUnclipped_sma_pctlrange0-1;voicingFinalUnclipped_sma_stddev;voicingFinalUnclipped_sma_skewness;voicingFinalUnclipped_sma_kurtosis;voicingFinalUnclipped_sma_upleveltime25;voicingFinalUnclipped_sma_upleveltime50;voicingFinalUnclipped_sma_upleveltime75;voicingFinalUnclipped_sma_upleveltime90;voicingFinalUnclipped_sma_risetime;voicingFinalUnclipped_sma_leftctime;voicingFinalUnclipped_sma_lpgain;voicingFinalUnclipped_sma_lpc0;voicingFinalUnclipped_sma_lpc1;voicingFinalUnclipped_sma_lpc2;voicingFinalUnclipped_sma_lpc3;voicingFinalUnclipped_sma_lpc4;jitterLocal_sma_amean;jitterLocal_sma_flatness;jitterLocal_sma_posamean;jitterLocal_sma_rqmean;jitterLocal_sma_range;jitterLocal_sma_maxPos;jitterLocal_sma_minPos;jitterLocal_sma_linregc1;jitterLocal_sma_linregc2;jitterLocal_sma_linregerrQ;jitterLocal_sma_qregc1;jitterLocal_sma_qregc2;jitterLocal_sma_qregc3;jitterLocal_sma_qregerrQ;jitterLocal_sma_centroid;jitterLocal_sma_quartile1;jitterLocal_sma_quartile2;jitterLocal_sma_quartile3;jitterLocal_sma_iqr1-2;jitterLocal_sma_iqr2-3;jitterLocal_sma_iqr1-3;jitterLocal_sma_percentile1.0;jitterLocal_sma_percentile99.0;jitterLocal_sma_pctlrange0-1;jitterLocal_sma_stddev;jitterLocal_sma_skewness;jitterLocal_sma_kurtosis;jitterLocal_sma_upleveltime25;jitterLocal_sma_upleveltime50;jitterLocal_sma_upleveltime75;jitterLocal_sma_upleveltime90;jitterLocal_sma_risetime;jitterLocal_sma_leftctime;jitterLocal_sma_lpgain;jitterLocal_sma_lpc0;jitterLocal_sma_lpc1;jitterLocal_sma_lpc2;jitterLocal_sma_lpc3;jitterLocal_sma_lpc4;jitterDDP_sma_amean;jitterDDP_sma_flatness;jitterDDP_sma_posamean;jitterDDP_sma_rqmean;jitterDDP_sma_range;jitterDDP_sma_maxPos;jitterDDP_sma_minPos;jitterDDP_sma_linregc1;jitterDDP_sma_linregc2;jitterDDP_sma_linregerrQ;jitterDDP_sma_qregc1;jitterDDP_sma_qregc2;jitterDDP_sma_qregc3;jitterDDP_sma_qregerrQ;jitterDDP_sma_centroid;jitterDDP_sma_quartile1;jitterDDP_sma_quartile2;jitterDDP_sma_quartile3;jitterDDP_sma_iqr1-2;jitterDDP_sma_iqr2-3;jitterDDP_sma_iqr1-3;jitterDDP_sma_percentile1.0;jitterDDP_sma_percentile99.0;jitterDDP_sma_pctlrange0-1;jitterDDP_sma_stddev;jitterDDP_sma_skewness;jitterDDP_sma_kurtosis;jitterDDP_sma_upleveltime25;jitterDDP_sma_upleveltime50;jitterDDP_sma_upleveltime75;jitterDDP_sma_upleveltime90;jitterDDP_sma_risetime;jitterDDP_sma_leftctime;jitterDDP_sma_lpgain;jitterDDP_sma_lpc0;jitterDDP_sma_lpc1;jitterDDP_sma_lpc2;jitterDDP_sma_lpc3;jitterDDP_sma_lpc4;shimmerLocal_sma_amean;shimmerLocal_sma_flatness;shimmerLocal_sma_posamean;shimmerLocal_sma_rqmean;shimmerLocal_sma_range;shimmerLocal_sma_maxPos;shimmerLocal_sma_minPos;shimmerLocal_sma_linregc1;shimmerLocal_sma_linregc2;shimmerLocal_sma_linregerrQ;shimmerLocal_sma_qregc1;shimmerLocal_sma_qregc2;shimmerLocal_sma_qregc3;shimmerLocal_sma_qregerrQ;shimmerLocal_sma_centroid;shimmerLocal_sma_quartile1;shimmerLocal_sma_quartile2;shimmerLocal_sma_quartile3;shimmerLocal_sma_iqr1-2;shimmerLocal_sma_iqr2-3;shimmerLocal_sma_iqr1-3;shimmerLocal_sma_percentile1.0;shimmerLocal_sma_percentile99.0;shimmerLocal_sma_pctlrange0-1;shimmerLocal_sma_stddev;shimmerLocal_sma_skewness;shimmerLocal_sma_kurtosis;shimmerLocal_sma_upleveltime25;shimmerLocal_sma_upleveltime50;shimmerLocal_sma_upleveltime75;shimmerLocal_sma_upleveltime90;shimmerLocal_sma_risetime;shimmerLocal_sma_leftctime;shimmerLocal_sma_lpgain;shimmerLocal_sma_lpc0;shimmerLocal_sma_lpc1;shimmerLocal_sma_lpc2;shimmerLocal_sma_lpc3;shimmerLocal_sma_lpc4;logHNR_sma_amean;logHNR_sma_flatness;logHNR_sma_posamean;logHNR_sma_rqmean;logHNR_sma_range;logHNR_sma_maxPos;logHNR_sma_minPos;logHNR_sma_linregc1;logHNR_sma_linregc2;logHNR_sma_linregerrQ;logHNR_sma_qregc1;logHNR_sma_qregc2;logHNR_sma_qregc3;logHNR_sma_qregerrQ;logHNR_sma_centroid;logHNR_sma_quartile1;logHNR_sma_quartile2;logHNR_sma_quartile3;logHNR_sma_iqr1-2;logHNR_sma_iqr2-3;logHNR_sma_iqr1-3;logHNR_sma_percentile1.0;logHNR_sma_percentile99.0;logHNR_sma_pctlrange0-1;logHNR_sma_stddev;logHNR_sma_skewness;logHNR_sma_kurtosis;logHNR_sma_upleveltime25;logHNR_sma_upleveltime50;logHNR_sma_upleveltime75;logHNR_sma_upleveltime90;logHNR_sma_risetime;logHNR_sma_leftctime;logHNR_sma_lpgain;logHNR_sma_lpc0;logHNR_sma_lpc1;logHNR_sma_lpc2;logHNR_sma_lpc3;logHNR_sma_lpc4;F0final_sma_de_amean;F0final_sma_de_flatness;F0final_sma_de_posamean;F0final_sma_de_rqmean;F0final_sma_de_range;F0final_sma_de_maxPos;F0final_sma_de_minPos;F0final_sma_de_linregc1;F0final_sma_de_linregc2;F0final_sma_de_linregerrQ;F0final_sma_de_qregc1;F0final_sma_de_qregc2;F0final_sma_de_qregc3;F0final_sma_de_qregerrQ;F0final_sma_de_centroid;F0final_sma_de_quartile1;F0final_sma_de_quartile2;F0final_sma_de_quartile3;F0final_sma_de_iqr1-2;F0final_sma_de_iqr2-3;F0final_sma_de_iqr1-3;F0final_sma_de_percentile1.0;F0final_sma_de_percentile99.0;F0final_sma_de_pctlrange0-1;F0final_sma_de_stddev;F0final_sma_de_skewness;F0final_sma_de_kurtosis;F0final_sma_de_upleveltime25;F0final_sma_de_upleveltime50;F0final_sma_de_upleveltime75;F0final_sma_de_upleveltime90;F0final_sma_de_risetime;F0final_sma_de_leftctime;F0final_sma_de_lpgain;F0final_sma_de_lpc0;F0final_sma_de_lpc1;F0final_sma_de_lpc2;F0final_sma_de_lpc3;F0final_sma_de_lpc4;voicingFinalUnclipped_sma_de_amean;voicingFinalUnclipped_sma_de_flatness;voicingFinalUnclipped_sma_de_posamean;voicingFinalUnclipped_sma_de_rqmean;voicingFinalUnclipped_sma_de_range;voicingFinalUnclipped_sma_de_maxPos;voicingFinalUnclipped_sma_de_minPos;voicingFinalUnclipped_sma_de_linregc1;voicingFinalUnclipped_sma_de_linregc2;voicingFinalUnclipped_sma_de_linregerrQ;voicingFinalUnclipped_sma_de_qregc1;voicingFinalUnclipped_sma_de_qregc2;voicingFinalUnclipped_sma_de_qregc3;voicingFinalUnclipped_sma_de_qregerrQ;voicingFinalUnclipped_sma_de_centroid;voicingFinalUnclipped_sma_de_quartile1;voicingFinalUnclipped_sma_de_quartile2;voicingFinalUnclipped_sma_de_quartile3;voicingFinalUnclipped_sma_de_iqr1-2;voicingFinalUnclipped_sma_de_iqr2-3;voicingFinalUnclipped_sma_de_iqr1-3;voicingFinalUnclipped_sma_de_percentile1.0;voicingFinalUnclipped_sma_de_percentile99.0;voicingFinalUnclipped_sma_de_pctlrange0-1;voicingFinalUnclipped_sma_de_stddev;voicingFinalUnclipped_sma_de_skewness;voicingFinalUnclipped_sma_de_kurtosis;voicingFinalUnclipped_sma_de_upleveltime25;voicingFinalUnclipped_sma_de_upleveltime50;voicingFinalUnclipped_sma_de_upleveltime75;voicingFinalUnclipped_sma_de_upleveltime90;voicingFinalUnclipped_sma_de_risetime;voicingFinalUnclipped_sma_de_leftctime;voicingFinalUnclipped_sma_de_lpgain;voicingFinalUnclipped_sma_de_lpc0;voicingFinalUnclipped_sma_de_lpc1;voicingFinalUnclipped_sma_de_lpc2;voicingFinalUnclipped_sma_de_lpc3;voicingFinalUnclipped_sma_de_lpc4;jitterLocal_sma_de_amean;jitterLocal_sma_de_flatness;jitterLocal_sma_de_posamean;jitterLocal_sma_de_rqmean;jitterLocal_sma_de_range;jitterLocal_sma_de_maxPos;jitterLocal_sma_de_minPos;jitterLocal_sma_de_linregc1;jitterLocal_sma_de_linregc2;jitterLocal_sma_de_linregerrQ;jitterLocal_sma_de_qregc1;jitterLocal_sma_de_qregc2;jitterLocal_sma_de_qregc3;jitterLocal_sma_de_qregerrQ;jitterLocal_sma_de_centroid;jitterLocal_sma_de_quartile1;jitterLocal_sma_de_quartile2;jitterLocal_sma_de_quartile3;jitterLocal_sma_de_iqr1-2;jitterLocal_sma_de_iqr2-3;jitterLocal_sma_de_iqr1-3;jitterLocal_sma_de_percentile1.0;jitterLocal_sma_de_percentile99.0;jitterLocal_sma_de_pctlrange0-1;jitterLocal_sma_de_stddev;jitterLocal_sma_de_skewness;jitterLocal_sma_de_kurtosis;jitterLocal_sma_de_upleveltime25;jitterLocal_sma_de_upleveltime50;jitterLocal_sma_de_upleveltime75;jitterLocal_sma_de_upleveltime90;jitterLocal_sma_de_risetime;jitterLocal_sma_de_leftctime;jitterLocal_sma_de_lpgain;jitterLocal_sma_de_lpc0;jitterLocal_sma_de_lpc1;jitterLocal_sma_de_lpc2;jitterLocal_sma_de_lpc3;jitterLocal_sma_de_lpc4;jitterDDP_sma_de_amean;jitterDDP_sma_de_flatness;jitterDDP_sma_de_posamean;jitterDDP_sma_de_rqmean;jitterDDP_sma_de_range;jitterDDP_sma_de_maxPos;jitterDDP_sma_de_minPos;jitterDDP_sma_de_linregc1;jitterDDP_sma_de_linregc2;jitterDDP_sma_de_linregerrQ;jitterDDP_sma_de_qregc1;jitterDDP_sma_de_qregc2;jitterDDP_sma_de_qregc3;jitterDDP_sma_de_qregerrQ;jitterDDP_sma_de_centroid;jitterDDP_sma_de_quartile1;jitterDDP_sma_de_quartile2;jitterDDP_sma_de_quartile3;jitterDDP_sma_de_iqr1-2;jitterDDP_sma_de_iqr2-3;jitterDDP_sma_de_iqr1-3;jitterDDP_sma_de_percentile1.0;jitterDDP_sma_de_percentile99.0;jitterDDP_sma_de_pctlrange0-1;jitterDDP_sma_de_stddev;jitterDDP_sma_de_skewness;jitterDDP_sma_de_kurtosis;jitterDDP_sma_de_upleveltime25;jitterDDP_sma_de_upleveltime50;jitterDDP_sma_de_upleveltime75;jitterDDP_sma_de_upleveltime90;jitterDDP_sma_de_risetime;jitterDDP_sma_de_leftctime;jitterDDP_sma_de_lpgain;jitterDDP_sma_de_lpc0;jitterDDP_sma_de_lpc1;jitterDDP_sma_de_lpc2;jitterDDP_sma_de_lpc3;jitterDDP_sma_de_lpc4;shimmerLocal_sma_de_amean;shimmerLocal_sma_de_flatness;shimmerLocal_sma_de_posamean;shimmerLocal_sma_de_rqmean;shimmerLocal_sma_de_range;shimmerLocal_sma_de_maxPos;shimmerLocal_sma_de_minPos;shimmerLocal_sma_de_linregc1;shimmerLocal_sma_de_linregc2;shimmerLocal_sma_de_linregerrQ;shimmerLocal_sma_de_qregc1;shimmerLocal_sma_de_qregc2;shimmerLocal_sma_de_qregc3;shimmerLocal_sma_de_qregerrQ;shimmerLocal_sma_de_centroid;shimmerLocal_sma_de_quartile1;shimmerLocal_sma_de_quartile2;shimmerLocal_sma_de_quartile3;shimmerLocal_sma_de_iqr1-2;shimmerLocal_sma_de_iqr2-3;shimmerLocal_sma_de_iqr1-3;shimmerLocal_sma_de_percentile1.0;shimmerLocal_sma_de_percentile99.0;shimmerLocal_sma_de_pctlrange0-1;shimmerLocal_sma_de_stddev;shimmerLocal_sma_de_skewness;shimmerLocal_sma_de_kurtosis;shimmerLocal_sma_de_upleveltime25;shimmerLocal_sma_de_upleveltime50;shimmerLocal_sma_de_upleveltime75;shimmerLocal_sma_de_upleveltime90;shimmerLocal_sma_de_risetime;shimmerLocal_sma_de_leftctime;shimmerLocal_sma_de_lpgain;shimmerLocal_sma_de_lpc0;shimmerLocal_sma_de_lpc1;shimmerLocal_sma_de_lpc2;shimmerLocal_sma_de_lpc3;shimmerLocal_sma_de_lpc4;logHNR_sma_de_amean;logHNR_sma_de_flatness;logHNR_sma_de_posamean;logHNR_sma_de_rqmean;logHNR_sma_de_range;logHNR_sma_de_maxPos;logHNR_sma_de_minPos;logHNR_sma_de_linregc1;logHNR_sma_de_linregc2;logHNR_sma_de_linregerrQ;logHNR_sma_de_qregc1;logHNR_sma_de_qregc2;logHNR_sma_de_qregc3;logHNR_sma_de_qregerrQ;logHNR_sma_de_centroid;logHNR_sma_de_quartile1;logHNR_sma_de_quartile2;logHNR_sma_de_quartile3;logHNR_sma_de_iqr1-2;logHNR_sma_de_iqr2-3;logHNR_sma_de_iqr1-3;logHNR_sma_de_percentile1.0;logHNR_sma_de_percentile99.0;logHNR_sma_de_pctlrange0-1;logHNR_sma_de_stddev;logHNR_sma_de_skewness;logHNR_sma_de_kurtosis;logHNR_sma_de_upleveltime25;logHNR_sma_de_upleveltime50;logHNR_sma_de_upleveltime75;logHNR_sma_de_upleveltime90;logHNR_sma_de_risetime;logHNR_sma_de_leftctime;logHNR_sma_de_lpgain;logHNR_sma_de_lpc0;logHNR_sma_de_lpc1;logHNR_sma_de_lpc2;logHNR_sma_de_lpc3;logHNR_sma_de_lpc4;F0final_sma_ff0_nnz;F0final_sma_ff0_meanSegLen;F0final_sma_ff0_maxSegLen;F0final_sma_ff0_minSegLen;F0final_sma_ff0_segLenStddev;audspec_lengthL1norm_sma_amean;audspec_lengthL1norm_sma_flatness;audspec_lengthL1norm_sma_rqmean;audspec_lengthL1norm_sma_meanPeakDist;audspec_lengthL1norm_sma_peakDistStddev;audspec_lengthL1norm_sma_peakRangeAbs;audspec_lengthL1norm_sma_peakRangeRel;audspec_lengthL1norm_sma_peakMeanAbs;audspec_lengthL1norm_sma_peakMeanMeanDist;audspec_lengthL1norm_sma_peakMeanRel;audspec_lengthL1norm_sma_minRangeRel;audspec_lengthL1norm_sma_meanRisingSlope;audspec_lengthL1norm_sma_stddevRisingSlope;audspec_lengthL1norm_sma_meanFallingSlope;audspec_lengthL1norm_sma_stddevFallingSlope;audspec_lengthL1norm_sma_linregc1;audspec_lengthL1norm_sma_linregc2;audspec_lengthL1norm_sma_linregerrQ;audspec_lengthL1norm_sma_qregc1;audspec_lengthL1norm_sma_qregc2;audspec_lengthL1norm_sma_qregc3;audspec_lengthL1norm_sma_qregerrQ;audspec_lengthL1norm_sma_centroid;audspecRasta_lengthL1norm_sma_amean;audspecRasta_lengthL1norm_sma_flatness;audspecRasta_lengthL1norm_sma_rqmean;audspecRasta_lengthL1norm_sma_meanPeakDist;audspecRasta_lengthL1norm_sma_peakDistStddev;audspecRasta_lengthL1norm_sma_peakRangeAbs;audspecRasta_lengthL1norm_sma_peakRangeRel;audspecRasta_lengthL1norm_sma_peakMeanAbs;audspecRasta_lengthL1norm_sma_peakMeanMeanDist;audspecRasta_lengthL1norm_sma_peakMeanRel;audspecRasta_lengthL1norm_sma_minRangeRel;audspecRasta_lengthL1norm_sma_meanRisingSlope;audspecRasta_lengthL1norm_sma_stddevRisingSlope;audspecRasta_lengthL1norm_sma_meanFallingSlope;audspecRasta_lengthL1norm_sma_stddevFallingSlope;audspecRasta_lengthL1norm_sma_linregc1;audspecRasta_lengthL1norm_sma_linregc2;audspecRasta_lengthL1norm_sma_linregerrQ;audspecRasta_lengthL1norm_sma_qregc1;audspecRasta_lengthL1norm_sma_qregc2;audspecRasta_lengthL1norm_sma_qregc3;audspecRasta_lengthL1norm_sma_qregerrQ;audspecRasta_lengthL1norm_sma_centroid;pcm_RMSenergy_sma_amean;pcm_RMSenergy_sma_flatness;pcm_RMSenergy_sma_rqmean;pcm_RMSenergy_sma_meanPeakDist;pcm_RMSenergy_sma_peakDistStddev;pcm_RMSenergy_sma_peakRangeAbs;pcm_RMSenergy_sma_peakRangeRel;pcm_RMSenergy_sma_peakMeanAbs;pcm_RMSenergy_sma_peakMeanMeanDist;pcm_RMSenergy_sma_peakMeanRel;pcm_RMSenergy_sma_minRangeRel;pcm_RMSenergy_sma_meanRisingSlope;pcm_RMSenergy_sma_stddevRisingSlope;pcm_RMSenergy_sma_meanFallingSlope;pcm_RMSenergy_sma_stddevFallingSlope;pcm_RMSenergy_sma_linregc1;pcm_RMSenergy_sma_linregc2;pcm_RMSenergy_sma_linregerrQ;pcm_RMSenergy_sma_qregc1;pcm_RMSenergy_sma_qregc2;pcm_RMSenergy_sma_qregc3;pcm_RMSenergy_sma_qregerrQ;pcm_RMSenergy_sma_centroid;pcm_zcr_sma_amean;pcm_zcr_sma_flatness;pcm_zcr_sma_rqmean;pcm_zcr_sma_meanPeakDist;pcm_zcr_sma_peakDistStddev;pcm_zcr_sma_peakRangeAbs;pcm_zcr_sma_peakRangeRel;pcm_zcr_sma_peakMeanAbs;pcm_zcr_sma_peakMeanMeanDist;pcm_zcr_sma_peakMeanRel;pcm_zcr_sma_minRangeRel;pcm_zcr_sma_meanRisingSlope;pcm_zcr_sma_stddevRisingSlope;pcm_zcr_sma_meanFallingSlope;pcm_zcr_sma_stddevFallingSlope;pcm_zcr_sma_linregc1;pcm_zcr_sma_linregc2;pcm_zcr_sma_linregerrQ;pcm_zcr_sma_qregc1;pcm_zcr_sma_qregc2;pcm_zcr_sma_qregc3;pcm_zcr_sma_qregerrQ;pcm_zcr_sma_centroid;audSpec_Rfilt_sma[0]_amean;audSpec_Rfilt_sma[0]_flatness;audSpec_Rfilt_sma[0]_rqmean;audSpec_Rfilt_sma[0]_meanPeakDist;audSpec_Rfilt_sma[0]_peakDistStddev;audSpec_Rfilt_sma[0]_peakRangeAbs;audSpec_Rfilt_sma[0]_peakRangeRel;audSpec_Rfilt_sma[0]_peakMeanAbs;audSpec_Rfilt_sma[0]_peakMeanMeanDist;audSpec_Rfilt_sma[0]_peakMeanRel;audSpec_Rfilt_sma[0]_minRangeRel;audSpec_Rfilt_sma[0]_meanRisingSlope;audSpec_Rfilt_sma[0]_stddevRisingSlope;audSpec_Rfilt_sma[0]_meanFallingSlope;audSpec_Rfilt_sma[0]_stddevFallingSlope;audSpec_Rfilt_sma[0]_linregc1;audSpec_Rfilt_sma[0]_linregc2;audSpec_Rfilt_sma[0]_linregerrQ;audSpec_Rfilt_sma[0]_qregc1;audSpec_Rfilt_sma[0]_qregc2;audSpec_Rfilt_sma[0]_qregc3;audSpec_Rfilt_sma[0]_qregerrQ;audSpec_Rfilt_sma[0]_centroid;audSpec_Rfilt_sma[1]_amean;audSpec_Rfilt_sma[1]_flatness;audSpec_Rfilt_sma[1]_rqmean;audSpec_Rfilt_sma[1]_meanPeakDist;audSpec_Rfilt_sma[1]_peakDistStddev;audSpec_Rfilt_sma[1]_peakRangeAbs;audSpec_Rfilt_sma[1]_peakRangeRel;audSpec_Rfilt_sma[1]_peakMeanAbs;audSpec_Rfilt_sma[1]_peakMeanMeanDist;audSpec_Rfilt_sma[1]_peakMeanRel;audSpec_Rfilt_sma[1]_minRangeRel;audSpec_Rfilt_sma[1]_meanRisingSlope;audSpec_Rfilt_sma[1]_stddevRisingSlope;audSpec_Rfilt_sma[1]_meanFallingSlope;audSpec_Rfilt_sma[1]_stddevFallingSlope;audSpec_Rfilt_sma[1]_linregc1;audSpec_Rfilt_sma[1]_linregc2;audSpec_Rfilt_sma[1]_linregerrQ;audSpec_Rfilt_sma[1]_qregc1;audSpec_Rfilt_sma[1]_qregc2;audSpec_Rfilt_sma[1]_qregc3;audSpec_Rfilt_sma[1]_qregerrQ;audSpec_Rfilt_sma[1]_centroid;audSpec_Rfilt_sma[2]_amean;audSpec_Rfilt_sma[2]_flatness;audSpec_Rfilt_sma[2]_rqmean;audSpec_Rfilt_sma[2]_meanPeakDist;audSpec_Rfilt_sma[2]_peakDistStddev;audSpec_Rfilt_sma[2]_peakRangeAbs;audSpec_Rfilt_sma[2]_peakRangeRel;audSpec_Rfilt_sma[2]_peakMeanAbs;audSpec_Rfilt_sma[2]_peakMeanMeanDist;audSpec_Rfilt_sma[2]_peakMeanRel;audSpec_Rfilt_sma[2]_minRangeRel;audSpec_Rfilt_sma[2]_meanRisingSlope;audSpec_Rfilt_sma[2]_stddevRisingSlope;audSpec_Rfilt_sma[2]_meanFallingSlope;audSpec_Rfilt_sma[2]_stddevFallingSlope;audSpec_Rfilt_sma[2]_linregc1;audSpec_Rfilt_sma[2]_linregc2;audSpec_Rfilt_sma[2]_linregerrQ;audSpec_Rfilt_sma[2]_qregc1;audSpec_Rfilt_sma[2]_qregc2;audSpec_Rfilt_sma[2]_qregc3;audSpec_Rfilt_sma[2]_qregerrQ;audSpec_Rfilt_sma[2]_centroid;audSpec_Rfilt_sma[3]_amean;audSpec_Rfilt_sma[3]_flatness;audSpec_Rfilt_sma[3]_rqmean;audSpec_Rfilt_sma[3]_meanPeakDist;audSpec_Rfilt_sma[3]_peakDistStddev;audSpec_Rfilt_sma[3]_peakRangeAbs;audSpec_Rfilt_sma[3]_peakRangeRel;audSpec_Rfilt_sma[3]_peakMeanAbs;audSpec_Rfilt_sma[3]_peakMeanMeanDist;audSpec_Rfilt_sma[3]_peakMeanRel;audSpec_Rfilt_sma[3]_minRangeRel;audSpec_Rfilt_sma[3]_meanRisingSlope;audSpec_Rfilt_sma[3]_stddevRisingSlope;audSpec_Rfilt_sma[3]_meanFallingSlope;audSpec_Rfilt_sma[3]_stddevFallingSlope;audSpec_Rfilt_sma[3]_linregc1;audSpec_Rfilt_sma[3]_linregc2;audSpec_Rfilt_sma[3]_linregerrQ;audSpec_Rfilt_sma[3]_qregc1;audSpec_Rfilt_sma[3]_qregc2;audSpec_Rfilt_sma[3]_qregc3;audSpec_Rfilt_sma[3]_qregerrQ;audSpec_Rfilt_sma[3]_centroid;audSpec_Rfilt_sma[4]_amean;audSpec_Rfilt_sma[4]_flatness;audSpec_Rfilt_sma[4]_rqmean;audSpec_Rfilt_sma[4]_meanPeakDist;audSpec_Rfilt_sma[4]_peakDistStddev;audSpec_Rfilt_sma[4]_peakRangeAbs;audSpec_Rfilt_sma[4]_peakRangeRel;audSpec_Rfilt_sma[4]_peakMeanAbs;audSpec_Rfilt_sma[4]_peakMeanMeanDist;audSpec_Rfilt_sma[4]_peakMeanRel;audSpec_Rfilt_sma[4]_minRangeRel;audSpec_Rfilt_sma[4]_meanRisingSlope;audSpec_Rfilt_sma[4]_stddevRisingSlope;audSpec_Rfilt_sma[4]_meanFallingSlope;audSpec_Rfilt_sma[4]_stddevFallingSlope;audSpec_Rfilt_sma[4]_linregc1;audSpec_Rfilt_sma[4]_linregc2;audSpec_Rfilt_sma[4]_linregerrQ;audSpec_Rfilt_sma[4]_qregc1;audSpec_Rfilt_sma[4]_qregc2;audSpec_Rfilt_sma[4]_qregc3;audSpec_Rfilt_sma[4]_qregerrQ;audSpec_Rfilt_sma[4]_centroid;audSpec_Rfilt_sma[5]_amean;audSpec_Rfilt_sma[5]_flatness;audSpec_Rfilt_sma[5]_rqmean;audSpec_Rfilt_sma[5]_meanPeakDist;audSpec_Rfilt_sma[5]_peakDistStddev;audSpec_Rfilt_sma[5]_peakRangeAbs;audSpec_Rfilt_sma[5]_peakRangeRel;audSpec_Rfilt_sma[5]_peakMeanAbs;audSpec_Rfilt_sma[5]_peakMeanMeanDist;audSpec_Rfilt_sma[5]_peakMeanRel;audSpec_Rfilt_sma[5]_minRangeRel;audSpec_Rfilt_sma[5]_meanRisingSlope;audSpec_Rfilt_sma[5]_stddevRisingSlope;audSpec_Rfilt_sma[5]_meanFallingSlope;audSpec_Rfilt_sma[5]_stddevFallingSlope;audSpec_Rfilt_sma[5]_linregc1;audSpec_Rfilt_sma[5]_linregc2;audSpec_Rfilt_sma[5]_linregerrQ;audSpec_Rfilt_sma[5]_qregc1;audSpec_Rfilt_sma[5]_qregc2;audSpec_Rfilt_sma[5]_qregc3;audSpec_Rfilt_sma[5]_qregerrQ;audSpec_Rfilt_sma[5]_centroid;audSpec_Rfilt_sma[6]_amean;audSpec_Rfilt_sma[6]_flatness;audSpec_Rfilt_sma[6]_rqmean;audSpec_Rfilt_sma[6]_meanPeakDist;audSpec_Rfilt_sma[6]_peakDistStddev;audSpec_Rfilt_sma[6]_peakRangeAbs;audSpec_Rfilt_sma[6]_peakRangeRel;audSpec_Rfilt_sma[6]_peakMeanAbs;audSpec_Rfilt_sma[6]_peakMeanMeanDist;audSpec_Rfilt_sma[6]_peakMeanRel;audSpec_Rfilt_sma[6]_minRangeRel;audSpec_Rfilt_sma[6]_meanRisingSlope;audSpec_Rfilt_sma[6]_stddevRisingSlope;audSpec_Rfilt_sma[6]_meanFallingSlope;audSpec_Rfilt_sma[6]_stddevFallingSlope;audSpec_Rfilt_sma[6]_linregc1;audSpec_Rfilt_sma[6]_linregc2;audSpec_Rfilt_sma[6]_linregerrQ;audSpec_Rfilt_sma[6]_qregc1;audSpec_Rfilt_sma[6]_qregc2;audSpec_Rfilt_sma[6]_qregc3;audSpec_Rfilt_sma[6]_qregerrQ;audSpec_Rfilt_sma[6]_centroid;audSpec_Rfilt_sma[7]_amean;audSpec_Rfilt_sma[7]_flatness;audSpec_Rfilt_sma[7]_rqmean;audSpec_Rfilt_sma[7]_meanPeakDist;audSpec_Rfilt_sma[7]_peakDistStddev;audSpec_Rfilt_sma[7]_peakRangeAbs;audSpec_Rfilt_sma[7]_peakRangeRel;audSpec_Rfilt_sma[7]_peakMeanAbs;audSpec_Rfilt_sma[7]_peakMeanMeanDist;audSpec_Rfilt_sma[7]_peakMeanRel;audSpec_Rfilt_sma[7]_minRangeRel;audSpec_Rfilt_sma[7]_meanRisingSlope;audSpec_Rfilt_sma[7]_stddevRisingSlope;audSpec_Rfilt_sma[7]_meanFallingSlope;audSpec_Rfilt_sma[7]_stddevFallingSlope;audSpec_Rfilt_sma[7]_linregc1;audSpec_Rfilt_sma[7]_linregc2;audSpec_Rfilt_sma[7]_linregerrQ;audSpec_Rfilt_sma[7]_qregc1;audSpec_Rfilt_sma[7]_qregc2;audSpec_Rfilt_sma[7]_qregc3;audSpec_Rfilt_sma[7]_qregerrQ;audSpec_Rfilt_sma[7]_centroid;audSpec_Rfilt_sma[8]_amean;audSpec_Rfilt_sma[8]_flatness;audSpec_Rfilt_sma[8]_rqmean;audSpec_Rfilt_sma[8]_meanPeakDist;audSpec_Rfilt_sma[8]_peakDistStddev;audSpec_Rfilt_sma[8]_peakRangeAbs;audSpec_Rfilt_sma[8]_peakRangeRel;audSpec_Rfilt_sma[8]_peakMeanAbs;audSpec_Rfilt_sma[8]_peakMeanMeanDist;audSpec_Rfilt_sma[8]_peakMeanRel;audSpec_Rfilt_sma[8]_minRangeRel;audSpec_Rfilt_sma[8]_meanRisingSlope;audSpec_Rfilt_sma[8]_stddevRisingSlope;audSpec_Rfilt_sma[8]_meanFallingSlope;audSpec_Rfilt_sma[8]_stddevFallingSlope;audSpec_Rfilt_sma[8]_linregc1;audSpec_Rfilt_sma[8]_linregc2;audSpec_Rfilt_sma[8]_linregerrQ;audSpec_Rfilt_sma[8]_qregc1;audSpec_Rfilt_sma[8]_qregc2;audSpec_Rfilt_sma[8]_qregc3;audSpec_Rfilt_sma[8]_qregerrQ;audSpec_Rfilt_sma[8]_centroid;audSpec_Rfilt_sma[9]_amean;audSpec_Rfilt_sma[9]_flatness;audSpec_Rfilt_sma[9]_rqmean;audSpec_Rfilt_sma[9]_meanPeakDist;audSpec_Rfilt_sma[9]_peakDistStddev;audSpec_Rfilt_sma[9]_peakRangeAbs;audSpec_Rfilt_sma[9]_peakRangeRel;audSpec_Rfilt_sma[9]_peakMeanAbs;audSpec_Rfilt_sma[9]_peakMeanMeanDist;audSpec_Rfilt_sma[9]_peakMeanRel;audSpec_Rfilt_sma[9]_minRangeRel;audSpec_Rfilt_sma[9]_meanRisingSlope;audSpec_Rfilt_sma[9]_stddevRisingSlope;audSpec_Rfilt_sma[9]_meanFallingSlope;audSpec_Rfilt_sma[9]_stddevFallingSlope;audSpec_Rfilt_sma[9]_linregc1;audSpec_Rfilt_sma[9]_linregc2;audSpec_Rfilt_sma[9]_linregerrQ;audSpec_Rfilt_sma[9]_qregc1;audSpec_Rfilt_sma[9]_qregc2;audSpec_Rfilt_sma[9]_qregc3;audSpec_Rfilt_sma[9]_qregerrQ;audSpec_Rfilt_sma[9]_centroid;audSpec_Rfilt_sma[10]_amean;audSpec_Rfilt_sma[10]_flatness;audSpec_Rfilt_sma[10]_rqmean;audSpec_Rfilt_sma[10]_meanPeakDist;audSpec_Rfilt_sma[10]_peakDistStddev;audSpec_Rfilt_sma[10]_peakRangeAbs;audSpec_Rfilt_sma[10]_peakRangeRel;audSpec_Rfilt_sma[10]_peakMeanAbs;audSpec_Rfilt_sma[10]_peakMeanMeanDist;audSpec_Rfilt_sma[10]_peakMeanRel;audSpec_Rfilt_sma[10]_minRangeRel;audSpec_Rfilt_sma[10]_meanRisingSlope;audSpec_Rfilt_sma[10]_stddevRisingSlope;audSpec_Rfilt_sma[10]_meanFallingSlope;audSpec_Rfilt_sma[10]_stddevFallingSlope;audSpec_Rfilt_sma[10]_linregc1;audSpec_Rfilt_sma[10]_linregc2;audSpec_Rfilt_sma[10]_linregerrQ;audSpec_Rfilt_sma[10]_qregc1;audSpec_Rfilt_sma[10]_qregc2;audSpec_Rfilt_sma[10]_qregc3;audSpec_Rfilt_sma[10]_qregerrQ;audSpec_Rfilt_sma[10]_centroid;audSpec_Rfilt_sma[11]_amean;audSpec_Rfilt_sma[11]_flatness;audSpec_Rfilt_sma[11]_rqmean;audSpec_Rfilt_sma[11]_meanPeakDist;audSpec_Rfilt_sma[11]_peakDistStddev;audSpec_Rfilt_sma[11]_peakRangeAbs;audSpec_Rfilt_sma[11]_peakRangeRel;audSpec_Rfilt_sma[11]_peakMeanAbs;audSpec_Rfilt_sma[11]_peakMeanMeanDist;audSpec_Rfilt_sma[11]_peakMeanRel;audSpec_Rfilt_sma[11]_minRangeRel;audSpec_Rfilt_sma[11]_meanRisingSlope;audSpec_Rfilt_sma[11]_stddevRisingSlope;audSpec_Rfilt_sma[11]_meanFallingSlope;audSpec_Rfilt_sma[11]_stddevFallingSlope;audSpec_Rfilt_sma[11]_linregc1;audSpec_Rfilt_sma[11]_linregc2;audSpec_Rfilt_sma[11]_linregerrQ;audSpec_Rfilt_sma[11]_qregc1;audSpec_Rfilt_sma[11]_qregc2;audSpec_Rfilt_sma[11]_qregc3;audSpec_Rfilt_sma[11]_qregerrQ;audSpec_Rfilt_sma[11]_centroid;audSpec_Rfilt_sma[12]_amean;audSpec_Rfilt_sma[12]_flatness;audSpec_Rfilt_sma[12]_rqmean;audSpec_Rfilt_sma[12]_meanPeakDist;audSpec_Rfilt_sma[12]_peakDistStddev;audSpec_Rfilt_sma[12]_peakRangeAbs;audSpec_Rfilt_sma[12]_peakRangeRel;audSpec_Rfilt_sma[12]_peakMeanAbs;audSpec_Rfilt_sma[12]_peakMeanMeanDist;audSpec_Rfilt_sma[12]_peakMeanRel;audSpec_Rfilt_sma[12]_minRangeRel;audSpec_Rfilt_sma[12]_meanRisingSlope;audSpec_Rfilt_sma[12]_stddevRisingSlope;audSpec_Rfilt_sma[12]_meanFallingSlope;audSpec_Rfilt_sma[12]_stddevFallingSlope;audSpec_Rfilt_sma[12]_linregc1;audSpec_Rfilt_sma[12]_linregc2;audSpec_Rfilt_sma[12]_linregerrQ;audSpec_Rfilt_sma[12]_qregc1;audSpec_Rfilt_sma[12]_qregc2;audSpec_Rfilt_sma[12]_qregc3;audSpec_Rfilt_sma[12]_qregerrQ;audSpec_Rfilt_sma[12]_centroid;audSpec_Rfilt_sma[13]_amean;audSpec_Rfilt_sma[13]_flatness;audSpec_Rfilt_sma[13]_rqmean;audSpec_Rfilt_sma[13]_meanPeakDist;audSpec_Rfilt_sma[13]_peakDistStddev;audSpec_Rfilt_sma[13]_peakRangeAbs;audSpec_Rfilt_sma[13]_peakRangeRel;audSpec_Rfilt_sma[13]_peakMeanAbs;audSpec_Rfilt_sma[13]_peakMeanMeanDist;audSpec_Rfilt_sma[13]_peakMeanRel;audSpec_Rfilt_sma[13]_minRangeRel;audSpec_Rfilt_sma[13]_meanRisingSlope;audSpec_Rfilt_sma[13]_stddevRisingSlope;audSpec_Rfilt_sma[13]_meanFallingSlope;audSpec_Rfilt_sma[13]_stddevFallingSlope;audSpec_Rfilt_sma[13]_linregc1;audSpec_Rfilt_sma[13]_linregc2;audSpec_Rfilt_sma[13]_linregerrQ;audSpec_Rfilt_sma[13]_qregc1;audSpec_Rfilt_sma[13]_qregc2;audSpec_Rfilt_sma[13]_qregc3;audSpec_Rfilt_sma[13]_qregerrQ;audSpec_Rfilt_sma[13]_centroid;audSpec_Rfilt_sma[14]_amean;audSpec_Rfilt_sma[14]_flatness;audSpec_Rfilt_sma[14]_rqmean;audSpec_Rfilt_sma[14]_meanPeakDist;audSpec_Rfilt_sma[14]_peakDistStddev;audSpec_Rfilt_sma[14]_peakRangeAbs;audSpec_Rfilt_sma[14]_peakRangeRel;audSpec_Rfilt_sma[14]_peakMeanAbs;audSpec_Rfilt_sma[14]_peakMeanMeanDist;audSpec_Rfilt_sma[14]_peakMeanRel;audSpec_Rfilt_sma[14]_minRangeRel;audSpec_Rfilt_sma[14]_meanRisingSlope;audSpec_Rfilt_sma[14]_stddevRisingSlope;audSpec_Rfilt_sma[14]_meanFallingSlope;audSpec_Rfilt_sma[14]_stddevFallingSlope;audSpec_Rfilt_sma[14]_linregc1;audSpec_Rfilt_sma[14]_linregc2;audSpec_Rfilt_sma[14]_linregerrQ;audSpec_Rfilt_sma[14]_qregc1;audSpec_Rfilt_sma[14]_qregc2;audSpec_Rfilt_sma[14]_qregc3;audSpec_Rfilt_sma[14]_qregerrQ;audSpec_Rfilt_sma[14]_centroid;audSpec_Rfilt_sma[15]_amean;audSpec_Rfilt_sma[15]_flatness;audSpec_Rfilt_sma[15]_rqmean;audSpec_Rfilt_sma[15]_meanPeakDist;audSpec_Rfilt_sma[15]_peakDistStddev;audSpec_Rfilt_sma[15]_peakRangeAbs;audSpec_Rfilt_sma[15]_peakRangeRel;audSpec_Rfilt_sma[15]_peakMeanAbs;audSpec_Rfilt_sma[15]_peakMeanMeanDist;audSpec_Rfilt_sma[15]_peakMeanRel;audSpec_Rfilt_sma[15]_minRangeRel;audSpec_Rfilt_sma[15]_meanRisingSlope;audSpec_Rfilt_sma[15]_stddevRisingSlope;audSpec_Rfilt_sma[15]_meanFallingSlope;audSpec_Rfilt_sma[15]_stddevFallingSlope;audSpec_Rfilt_sma[15]_linregc1;audSpec_Rfilt_sma[15]_linregc2;audSpec_Rfilt_sma[15]_linregerrQ;audSpec_Rfilt_sma[15]_qregc1;audSpec_Rfilt_sma[15]_qregc2;audSpec_Rfilt_sma[15]_qregc3;audSpec_Rfilt_sma[15]_qregerrQ;audSpec_Rfilt_sma[15]_centroid;audSpec_Rfilt_sma[16]_amean;audSpec_Rfilt_sma[16]_flatness;audSpec_Rfilt_sma[16]_rqmean;audSpec_Rfilt_sma[16]_meanPeakDist;audSpec_Rfilt_sma[16]_peakDistStddev;audSpec_Rfilt_sma[16]_peakRangeAbs;audSpec_Rfilt_sma[16]_peakRangeRel;audSpec_Rfilt_sma[16]_peakMeanAbs;audSpec_Rfilt_sma[16]_peakMeanMeanDist;audSpec_Rfilt_sma[16]_peakMeanRel;audSpec_Rfilt_sma[16]_minRangeRel;audSpec_Rfilt_sma[16]_meanRisingSlope;audSpec_Rfilt_sma[16]_stddevRisingSlope;audSpec_Rfilt_sma[16]_meanFallingSlope;audSpec_Rfilt_sma[16]_stddevFallingSlope;audSpec_Rfilt_sma[16]_linregc1;audSpec_Rfilt_sma[16]_linregc2;audSpec_Rfilt_sma[16]_linregerrQ;audSpec_Rfilt_sma[16]_qregc1;audSpec_Rfilt_sma[16]_qregc2;audSpec_Rfilt_sma[16]_qregc3;audSpec_Rfilt_sma[16]_qregerrQ;audSpec_Rfilt_sma[16]_centroid;audSpec_Rfilt_sma[17]_amean;audSpec_Rfilt_sma[17]_flatness;audSpec_Rfilt_sma[17]_rqmean;audSpec_Rfilt_sma[17]_meanPeakDist;audSpec_Rfilt_sma[17]_peakDistStddev;audSpec_Rfilt_sma[17]_peakRangeAbs;audSpec_Rfilt_sma[17]_peakRangeRel;audSpec_Rfilt_sma[17]_peakMeanAbs;audSpec_Rfilt_sma[17]_peakMeanMeanDist;audSpec_Rfilt_sma[17]_peakMeanRel;audSpec_Rfilt_sma[17]_minRangeRel;audSpec_Rfilt_sma[17]_meanRisingSlope;audSpec_Rfilt_sma[17]_stddevRisingSlope;audSpec_Rfilt_sma[17]_meanFallingSlope;audSpec_Rfilt_sma[17]_stddevFallingSlope;audSpec_Rfilt_sma[17]_linregc1;audSpec_Rfilt_sma[17]_linregc2;audSpec_Rfilt_sma[17]_linregerrQ;audSpec_Rfilt_sma[17]_qregc1;audSpec_Rfilt_sma[17]_qregc2;audSpec_Rfilt_sma[17]_qregc3;audSpec_Rfilt_sma[17]_qregerrQ;audSpec_Rfilt_sma[17]_centroid;audSpec_Rfilt_sma[18]_amean;audSpec_Rfilt_sma[18]_flatness;audSpec_Rfilt_sma[18]_rqmean;audSpec_Rfilt_sma[18]_meanPeakDist;audSpec_Rfilt_sma[18]_peakDistStddev;audSpec_Rfilt_sma[18]_peakRangeAbs;audSpec_Rfilt_sma[18]_peakRangeRel;audSpec_Rfilt_sma[18]_peakMeanAbs;audSpec_Rfilt_sma[18]_peakMeanMeanDist;audSpec_Rfilt_sma[18]_peakMeanRel;audSpec_Rfilt_sma[18]_minRangeRel;audSpec_Rfilt_sma[18]_meanRisingSlope;audSpec_Rfilt_sma[18]_stddevRisingSlope;audSpec_Rfilt_sma[18]_meanFallingSlope;audSpec_Rfilt_sma[18]_stddevFallingSlope;audSpec_Rfilt_sma[18]_linregc1;audSpec_Rfilt_sma[18]_linregc2;audSpec_Rfilt_sma[18]_linregerrQ;audSpec_Rfilt_sma[18]_qregc1;audSpec_Rfilt_sma[18]_qregc2;audSpec_Rfilt_sma[18]_qregc3;audSpec_Rfilt_sma[18]_qregerrQ;audSpec_Rfilt_sma[18]_centroid;audSpec_Rfilt_sma[19]_amean;audSpec_Rfilt_sma[19]_flatness;audSpec_Rfilt_sma[19]_rqmean;audSpec_Rfilt_sma[19]_meanPeakDist;audSpec_Rfilt_sma[19]_peakDistStddev;audSpec_Rfilt_sma[19]_peakRangeAbs;audSpec_Rfilt_sma[19]_peakRangeRel;audSpec_Rfilt_sma[19]_peakMeanAbs;audSpec_Rfilt_sma[19]_peakMeanMeanDist;audSpec_Rfilt_sma[19]_peakMeanRel;audSpec_Rfilt_sma[19]_minRangeRel;audSpec_Rfilt_sma[19]_meanRisingSlope;audSpec_Rfilt_sma[19]_stddevRisingSlope;audSpec_Rfilt_sma[19]_meanFallingSlope;audSpec_Rfilt_sma[19]_stddevFallingSlope;audSpec_Rfilt_sma[19]_linregc1;audSpec_Rfilt_sma[19]_linregc2;audSpec_Rfilt_sma[19]_linregerrQ;audSpec_Rfilt_sma[19]_qregc1;audSpec_Rfilt_sma[19]_qregc2;audSpec_Rfilt_sma[19]_qregc3;audSpec_Rfilt_sma[19]_qregerrQ;audSpec_Rfilt_sma[19]_centroid;audSpec_Rfilt_sma[20]_amean;audSpec_Rfilt_sma[20]_flatness;audSpec_Rfilt_sma[20]_rqmean;audSpec_Rfilt_sma[20]_meanPeakDist;audSpec_Rfilt_sma[20]_peakDistStddev;audSpec_Rfilt_sma[20]_peakRangeAbs;audSpec_Rfilt_sma[20]_peakRangeRel;audSpec_Rfilt_sma[20]_peakMeanAbs;audSpec_Rfilt_sma[20]_peakMeanMeanDist;audSpec_Rfilt_sma[20]_peakMeanRel;audSpec_Rfilt_sma[20]_minRangeRel;audSpec_Rfilt_sma[20]_meanRisingSlope;audSpec_Rfilt_sma[20]_stddevRisingSlope;audSpec_Rfilt_sma[20]_meanFallingSlope;audSpec_Rfilt_sma[20]_stddevFallingSlope;audSpec_Rfilt_sma[20]_linregc1;audSpec_Rfilt_sma[20]_linregc2;audSpec_Rfilt_sma[20]_linregerrQ;audSpec_Rfilt_sma[20]_qregc1;audSpec_Rfilt_sma[20]_qregc2;audSpec_Rfilt_sma[20]_qregc3;audSpec_Rfilt_sma[20]_qregerrQ;audSpec_Rfilt_sma[20]_centroid;audSpec_Rfilt_sma[21]_amean;audSpec_Rfilt_sma[21]_flatness;audSpec_Rfilt_sma[21]_rqmean;audSpec_Rfilt_sma[21]_meanPeakDist;audSpec_Rfilt_sma[21]_peakDistStddev;audSpec_Rfilt_sma[21]_peakRangeAbs;audSpec_Rfilt_sma[21]_peakRangeRel;audSpec_Rfilt_sma[21]_peakMeanAbs;audSpec_Rfilt_sma[21]_peakMeanMeanDist;audSpec_Rfilt_sma[21]_peakMeanRel;audSpec_Rfilt_sma[21]_minRangeRel;audSpec_Rfilt_sma[21]_meanRisingSlope;audSpec_Rfilt_sma[21]_stddevRisingSlope;audSpec_Rfilt_sma[21]_meanFallingSlope;audSpec_Rfilt_sma[21]_stddevFallingSlope;audSpec_Rfilt_sma[21]_linregc1;audSpec_Rfilt_sma[21]_linregc2;audSpec_Rfilt_sma[21]_linregerrQ;audSpec_Rfilt_sma[21]_qregc1;audSpec_Rfilt_sma[21]_qregc2;audSpec_Rfilt_sma[21]_qregc3;audSpec_Rfilt_sma[21]_qregerrQ;audSpec_Rfilt_sma[21]_centroid;audSpec_Rfilt_sma[22]_amean;audSpec_Rfilt_sma[22]_flatness;audSpec_Rfilt_sma[22]_rqmean;audSpec_Rfilt_sma[22]_meanPeakDist;audSpec_Rfilt_sma[22]_peakDistStddev;audSpec_Rfilt_sma[22]_peakRangeAbs;audSpec_Rfilt_sma[22]_peakRangeRel;audSpec_Rfilt_sma[22]_peakMeanAbs;audSpec_Rfilt_sma[22]_peakMeanMeanDist;audSpec_Rfilt_sma[22]_peakMeanRel;audSpec_Rfilt_sma[22]_minRangeRel;audSpec_Rfilt_sma[22]_meanRisingSlope;audSpec_Rfilt_sma[22]_stddevRisingSlope;audSpec_Rfilt_sma[22]_meanFallingSlope;audSpec_Rfilt_sma[22]_stddevFallingSlope;audSpec_Rfilt_sma[22]_linregc1;audSpec_Rfilt_sma[22]_linregc2;audSpec_Rfilt_sma[22]_linregerrQ;audSpec_Rfilt_sma[22]_qregc1;audSpec_Rfilt_sma[22]_qregc2;audSpec_Rfilt_sma[22]_qregc3;audSpec_Rfilt_sma[22]_qregerrQ;audSpec_Rfilt_sma[22]_centroid;audSpec_Rfilt_sma[23]_amean;audSpec_Rfilt_sma[23]_flatness;audSpec_Rfilt_sma[23]_rqmean;audSpec_Rfilt_sma[23]_meanPeakDist;audSpec_Rfilt_sma[23]_peakDistStddev;audSpec_Rfilt_sma[23]_peakRangeAbs;audSpec_Rfilt_sma[23]_peakRangeRel;audSpec_Rfilt_sma[23]_peakMeanAbs;audSpec_Rfilt_sma[23]_peakMeanMeanDist;audSpec_Rfilt_sma[23]_peakMeanRel;audSpec_Rfilt_sma[23]_minRangeRel;audSpec_Rfilt_sma[23]_meanRisingSlope;audSpec_Rfilt_sma[23]_stddevRisingSlope;audSpec_Rfilt_sma[23]_meanFallingSlope;audSpec_Rfilt_sma[23]_stddevFallingSlope;audSpec_Rfilt_sma[23]_linregc1;audSpec_Rfilt_sma[23]_linregc2;audSpec_Rfilt_sma[23]_linregerrQ;audSpec_Rfilt_sma[23]_qregc1;audSpec_Rfilt_sma[23]_qregc2;audSpec_Rfilt_sma[23]_qregc3;audSpec_Rfilt_sma[23]_qregerrQ;audSpec_Rfilt_sma[23]_centroid;audSpec_Rfilt_sma[24]_amean;audSpec_Rfilt_sma[24]_flatness;audSpec_Rfilt_sma[24]_rqmean;audSpec_Rfilt_sma[24]_meanPeakDist;audSpec_Rfilt_sma[24]_peakDistStddev;audSpec_Rfilt_sma[24]_peakRangeAbs;audSpec_Rfilt_sma[24]_peakRangeRel;audSpec_Rfilt_sma[24]_peakMeanAbs;audSpec_Rfilt_sma[24]_peakMeanMeanDist;audSpec_Rfilt_sma[24]_peakMeanRel;audSpec_Rfilt_sma[24]_minRangeRel;audSpec_Rfilt_sma[24]_meanRisingSlope;audSpec_Rfilt_sma[24]_stddevRisingSlope;audSpec_Rfilt_sma[24]_meanFallingSlope;audSpec_Rfilt_sma[24]_stddevFallingSlope;audSpec_Rfilt_sma[24]_linregc1;audSpec_Rfilt_sma[24]_linregc2;audSpec_Rfilt_sma[24]_linregerrQ;audSpec_Rfilt_sma[24]_qregc1;audSpec_Rfilt_sma[24]_qregc2;audSpec_Rfilt_sma[24]_qregc3;audSpec_Rfilt_sma[24]_qregerrQ;audSpec_Rfilt_sma[24]_centroid;audSpec_Rfilt_sma[25]_amean;audSpec_Rfilt_sma[25]_flatness;audSpec_Rfilt_sma[25]_rqmean;audSpec_Rfilt_sma[25]_meanPeakDist;audSpec_Rfilt_sma[25]_peakDistStddev;audSpec_Rfilt_sma[25]_peakRangeAbs;audSpec_Rfilt_sma[25]_peakRangeRel;audSpec_Rfilt_sma[25]_peakMeanAbs;audSpec_Rfilt_sma[25]_peakMeanMeanDist;audSpec_Rfilt_sma[25]_peakMeanRel;audSpec_Rfilt_sma[25]_minRangeRel;audSpec_Rfilt_sma[25]_meanRisingSlope;audSpec_Rfilt_sma[25]_stddevRisingSlope;audSpec_Rfilt_sma[25]_meanFallingSlope;audSpec_Rfilt_sma[25]_stddevFallingSlope;audSpec_Rfilt_sma[25]_linregc1;audSpec_Rfilt_sma[25]_linregc2;audSpec_Rfilt_sma[25]_linregerrQ;audSpec_Rfilt_sma[25]_qregc1;audSpec_Rfilt_sma[25]_qregc2;audSpec_Rfilt_sma[25]_qregc3;audSpec_Rfilt_sma[25]_qregerrQ;audSpec_Rfilt_sma[25]_centroid;pcm_fftMag_fband250-650_sma_amean;pcm_fftMag_fband250-650_sma_flatness;pcm_fftMag_fband250-650_sma_rqmean;pcm_fftMag_fband250-650_sma_meanPeakDist;pcm_fftMag_fband250-650_sma_peakDistStddev;pcm_fftMag_fband250-650_sma_peakRangeAbs;pcm_fftMag_fband250-650_sma_peakRangeRel;pcm_fftMag_fband250-650_sma_peakMeanAbs;pcm_fftMag_fband250-650_sma_peakMeanMeanDist;pcm_fftMag_fband250-650_sma_peakMeanRel;pcm_fftMag_fband250-650_sma_minRangeRel;pcm_fftMag_fband250-650_sma_meanRisingSlope;pcm_fftMag_fband250-650_sma_stddevRisingSlope;pcm_fftMag_fband250-650_sma_meanFallingSlope;pcm_fftMag_fband250-650_sma_stddevFallingSlope;pcm_fftMag_fband250-650_sma_linregc1;pcm_fftMag_fband250-650_sma_linregc2;pcm_fftMag_fband250-650_sma_linregerrQ;pcm_fftMag_fband250-650_sma_qregc1;pcm_fftMag_fband250-650_sma_qregc2;pcm_fftMag_fband250-650_sma_qregc3;pcm_fftMag_fband250-650_sma_qregerrQ;pcm_fftMag_fband250-650_sma_centroid;pcm_fftMag_fband1000-4000_sma_amean;pcm_fftMag_fband1000-4000_sma_flatness;pcm_fftMag_fband1000-4000_sma_rqmean;pcm_fftMag_fband1000-4000_sma_meanPeakDist;pcm_fftMag_fband1000-4000_sma_peakDistStddev;pcm_fftMag_fband1000-4000_sma_peakRangeAbs;pcm_fftMag_fband1000-4000_sma_peakRangeRel;pcm_fftMag_fband1000-4000_sma_peakMeanAbs;pcm_fftMag_fband1000-4000_sma_peakMeanMeanDist;pcm_fftMag_fband1000-4000_sma_peakMeanRel;pcm_fftMag_fband1000-4000_sma_minRangeRel;pcm_fftMag_fband1000-4000_sma_meanRisingSlope;pcm_fftMag_fband1000-4000_sma_stddevRisingSlope;pcm_fftMag_fband1000-4000_sma_meanFallingSlope;pcm_fftMag_fband1000-4000_sma_stddevFallingSlope;pcm_fftMag_fband1000-4000_sma_linregc1;pcm_fftMag_fband1000-4000_sma_linregc2;pcm_fftMag_fband1000-4000_sma_linregerrQ;pcm_fftMag_fband1000-4000_sma_qregc1;pcm_fftMag_fband1000-4000_sma_qregc2;pcm_fftMag_fband1000-4000_sma_qregc3;pcm_fftMag_fband1000-4000_sma_qregerrQ;pcm_fftMag_fband1000-4000_sma_centroid;pcm_fftMag_spectralRollOff25.0_sma_amean;pcm_fftMag_spectralRollOff25.0_sma_flatness;pcm_fftMag_spectralRollOff25.0_sma_rqmean;pcm_fftMag_spectralRollOff25.0_sma_meanPeakDist;pcm_fftMag_spectralRollOff25.0_sma_peakDistStddev;pcm_fftMag_spectralRollOff25.0_sma_peakRangeAbs;pcm_fftMag_spectralRollOff25.0_sma_peakRangeRel;pcm_fftMag_spectralRollOff25.0_sma_peakMeanAbs;pcm_fftMag_spectralRollOff25.0_sma_peakMeanMeanDist;pcm_fftMag_spectralRollOff25.0_sma_peakMeanRel;pcm_fftMag_spectralRollOff25.0_sma_minRangeRel;pcm_fftMag_spectralRollOff25.0_sma_meanRisingSlope;pcm_fftMag_spectralRollOff25.0_sma_stddevRisingSlope;pcm_fftMag_spectralRollOff25.0_sma_meanFallingSlope;pcm_fftMag_spectralRollOff25.0_sma_stddevFallingSlope;pcm_fftMag_spectralRollOff25.0_sma_linregc1;pcm_fftMag_spectralRollOff25.0_sma_linregc2;pcm_fftMag_spectralRollOff25.0_sma_linregerrQ;pcm_fftMag_spectralRollOff25.0_sma_qregc1;pcm_fftMag_spectralRollOff25.0_sma_qregc2;pcm_fftMag_spectralRollOff25.0_sma_qregc3;pcm_fftMag_spectralRollOff25.0_sma_qregerrQ;pcm_fftMag_spectralRollOff25.0_sma_centroid;pcm_fftMag_spectralRollOff50.0_sma_amean;pcm_fftMag_spectralRollOff50.0_sma_flatness;pcm_fftMag_spectralRollOff50.0_sma_rqmean;pcm_fftMag_spectralRollOff50.0_sma_meanPeakDist;pcm_fftMag_spectralRollOff50.0_sma_peakDistStddev;pcm_fftMag_spectralRollOff50.0_sma_peakRangeAbs;pcm_fftMag_spectralRollOff50.0_sma_peakRangeRel;pcm_fftMag_spectralRollOff50.0_sma_peakMeanAbs;pcm_fftMag_spectralRollOff50.0_sma_peakMeanMeanDist;pcm_fftMag_spectralRollOff50.0_sma_peakMeanRel;pcm_fftMag_spectralRollOff50.0_sma_minRangeRel;pcm_fftMag_spectralRollOff50.0_sma_meanRisingSlope;pcm_fftMag_spectralRollOff50.0_sma_stddevRisingSlope;pcm_fftMag_spectralRollOff50.0_sma_meanFallingSlope;pcm_fftMag_spectralRollOff50.0_sma_stddevFallingSlope;pcm_fftMag_spectralRollOff50.0_sma_linregc1;pcm_fftMag_spectralRollOff50.0_sma_linregc2;pcm_fftMag_spectralRollOff50.0_sma_linregerrQ;pcm_fftMag_spectralRollOff50.0_sma_qregc1;pcm_fftMag_spectralRollOff50.0_sma_qregc2;pcm_fftMag_spectralRollOff50.0_sma_qregc3;pcm_fftMag_spectralRollOff50.0_sma_qregerrQ;pcm_fftMag_spectralRollOff50.0_sma_centroid;pcm_fftMag_spectralRollOff75.0_sma_amean;pcm_fftMag_spectralRollOff75.0_sma_flatness;pcm_fftMag_spectralRollOff75.0_sma_rqmean;pcm_fftMag_spectralRollOff75.0_sma_meanPeakDist;pcm_fftMag_spectralRollOff75.0_sma_peakDistStddev;pcm_fftMag_spectralRollOff75.0_sma_peakRangeAbs;pcm_fftMag_spectralRollOff75.0_sma_peakRangeRel;pcm_fftMag_spectralRollOff75.0_sma_peakMeanAbs;pcm_fftMag_spectralRollOff75.0_sma_peakMeanMeanDist;pcm_fftMag_spectralRollOff75.0_sma_peakMeanRel;pcm_fftMag_spectralRollOff75.0_sma_minRangeRel;pcm_fftMag_spectralRollOff75.0_sma_meanRisingSlope;pcm_fftMag_spectralRollOff75.0_sma_stddevRisingSlope;pcm_fftMag_spectralRollOff75.0_sma_meanFallingSlope;pcm_fftMag_spectralRollOff75.0_sma_stddevFallingSlope;pcm_fftMag_spectralRollOff75.0_sma_linregc1;pcm_fftMag_spectralRollOff75.0_sma_linregc2;pcm_fftMag_spectralRollOff75.0_sma_linregerrQ;pcm_fftMag_spectralRollOff75.0_sma_qregc1;pcm_fftMag_spectralRollOff75.0_sma_qregc2;pcm_fftMag_spectralRollOff75.0_sma_qregc3;pcm_fftMag_spectralRollOff75.0_sma_qregerrQ;pcm_fftMag_spectralRollOff75.0_sma_centroid;pcm_fftMag_spectralRollOff90.0_sma_amean;pcm_fftMag_spectralRollOff90.0_sma_flatness;pcm_fftMag_spectralRollOff90.0_sma_rqmean;pcm_fftMag_spectralRollOff90.0_sma_meanPeakDist;pcm_fftMag_spectralRollOff90.0_sma_peakDistStddev;pcm_fftMag_spectralRollOff90.0_sma_peakRangeAbs;pcm_fftMag_spectralRollOff90.0_sma_peakRangeRel;pcm_fftMag_spectralRollOff90.0_sma_peakMeanAbs;pcm_fftMag_spectralRollOff90.0_sma_peakMeanMeanDist;pcm_fftMag_spectralRollOff90.0_sma_peakMeanRel;pcm_fftMag_spectralRollOff90.0_sma_minRangeRel;pcm_fftMag_spectralRollOff90.0_sma_meanRisingSlope;pcm_fftMag_spectralRollOff90.0_sma_stddevRisingSlope;pcm_fftMag_spectralRollOff90.0_sma_meanFallingSlope;pcm_fftMag_spectralRollOff90.0_sma_stddevFallingSlope;pcm_fftMag_spectralRollOff90.0_sma_linregc1;pcm_fftMag_spectralRollOff90.0_sma_linregc2;pcm_fftMag_spectralRollOff90.0_sma_linregerrQ;pcm_fftMag_spectralRollOff90.0_sma_qregc1;pcm_fftMag_spectralRollOff90.0_sma_qregc2;pcm_fftMag_spectralRollOff90.0_sma_qregc3;pcm_fftMag_spectralRollOff90.0_sma_qregerrQ;pcm_fftMag_spectralRollOff90.0_sma_centroid;pcm_fftMag_spectralFlux_sma_amean;pcm_fftMag_spectralFlux_sma_flatness;pcm_fftMag_spectralFlux_sma_rqmean;pcm_fftMag_spectralFlux_sma_meanPeakDist;pcm_fftMag_spectralFlux_sma_peakDistStddev;pcm_fftMag_spectralFlux_sma_peakRangeAbs;pcm_fftMag_spectralFlux_sma_peakRangeRel;pcm_fftMag_spectralFlux_sma_peakMeanAbs;pcm_fftMag_spectralFlux_sma_peakMeanMeanDist;pcm_fftMag_spectralFlux_sma_peakMeanRel;pcm_fftMag_spectralFlux_sma_minRangeRel;pcm_fftMag_spectralFlux_sma_meanRisingSlope;pcm_fftMag_spectralFlux_sma_stddevRisingSlope;pcm_fftMag_spectralFlux_sma_meanFallingSlope;pcm_fftMag_spectralFlux_sma_stddevFallingSlope;pcm_fftMag_spectralFlux_sma_linregc1;pcm_fftMag_spectralFlux_sma_linregc2;pcm_fftMag_spectralFlux_sma_linregerrQ;pcm_fftMag_spectralFlux_sma_qregc1;pcm_fftMag_spectralFlux_sma_qregc2;pcm_fftMag_spectralFlux_sma_qregc3;pcm_fftMag_spectralFlux_sma_qregerrQ;pcm_fftMag_spectralFlux_sma_centroid;pcm_fftMag_spectralCentroid_sma_amean;pcm_fftMag_spectralCentroid_sma_flatness;pcm_fftMag_spectralCentroid_sma_rqmean;pcm_fftMag_spectralCentroid_sma_meanPeakDist;pcm_fftMag_spectralCentroid_sma_peakDistStddev;pcm_fftMag_spectralCentroid_sma_peakRangeAbs;pcm_fftMag_spectralCentroid_sma_peakRangeRel;pcm_fftMag_spectralCentroid_sma_peakMeanAbs;pcm_fftMag_spectralCentroid_sma_peakMeanMeanDist;pcm_fftMag_spectralCentroid_sma_peakMeanRel;pcm_fftMag_spectralCentroid_sma_minRangeRel;pcm_fftMag_spectralCentroid_sma_meanRisingSlope;pcm_fftMag_spectralCentroid_sma_stddevRisingSlope;pcm_fftMag_spectralCentroid_sma_meanFallingSlope;pcm_fftMag_spectralCentroid_sma_stddevFallingSlope;pcm_fftMag_spectralCentroid_sma_linregc1;pcm_fftMag_spectralCentroid_sma_linregc2;pcm_fftMag_spectralCentroid_sma_linregerrQ;pcm_fftMag_spectralCentroid_sma_qregc1;pcm_fftMag_spectralCentroid_sma_qregc2;pcm_fftMag_spectralCentroid_sma_qregc3;pcm_fftMag_spectralCentroid_sma_qregerrQ;pcm_fftMag_spectralCentroid_sma_centroid;pcm_fftMag_spectralEntropy_sma_amean;pcm_fftMag_spectralEntropy_sma_flatness;pcm_fftMag_spectralEntropy_sma_rqmean;pcm_fftMag_spectralEntropy_sma_meanPeakDist;pcm_fftMag_spectralEntropy_sma_peakDistStddev;pcm_fftMag_spectralEntropy_sma_peakRangeAbs;pcm_fftMag_spectralEntropy_sma_peakRangeRel;pcm_fftMag_spectralEntropy_sma_peakMeanAbs;pcm_fftMag_spectralEntropy_sma_peakMeanMeanDist;pcm_fftMag_spectralEntropy_sma_peakMeanRel;pcm_fftMag_spectralEntropy_sma_minRangeRel;pcm_fftMag_spectralEntropy_sma_meanRisingSlope;pcm_fftMag_spectralEntropy_sma_stddevRisingSlope;pcm_fftMag_spectralEntropy_sma_meanFallingSlope;pcm_fftMag_spectralEntropy_sma_stddevFallingSlope;pcm_fftMag_spectralEntropy_sma_linregc1;pcm_fftMag_spectralEntropy_sma_linregc2;pcm_fftMag_spectralEntropy_sma_linregerrQ;pcm_fftMag_spectralEntropy_sma_qregc1;pcm_fftMag_spectralEntropy_sma_qregc2;pcm_fftMag_spectralEntropy_sma_qregc3;pcm_fftMag_spectralEntropy_sma_qregerrQ;pcm_fftMag_spectralEntropy_sma_centroid;pcm_fftMag_spectralVariance_sma_amean;pcm_fftMag_spectralVariance_sma_flatness;pcm_fftMag_spectralVariance_sma_rqmean;pcm_fftMag_spectralVariance_sma_meanPeakDist;pcm_fftMag_spectralVariance_sma_peakDistStddev;pcm_fftMag_spectralVariance_sma_peakRangeAbs;pcm_fftMag_spectralVariance_sma_peakRangeRel;pcm_fftMag_spectralVariance_sma_peakMeanAbs;pcm_fftMag_spectralVariance_sma_peakMeanMeanDist;pcm_fftMag_spectralVariance_sma_peakMeanRel;pcm_fftMag_spectralVariance_sma_minRangeRel;pcm_fftMag_spectralVariance_sma_meanRisingSlope;pcm_fftMag_spectralVariance_sma_stddevRisingSlope;pcm_fftMag_spectralVariance_sma_meanFallingSlope;pcm_fftMag_spectralVariance_sma_stddevFallingSlope;pcm_fftMag_spectralVariance_sma_linregc1;pcm_fftMag_spectralVariance_sma_linregc2;pcm_fftMag_spectralVariance_sma_linregerrQ;pcm_fftMag_spectralVariance_sma_qregc1;pcm_fftMag_spectralVariance_sma_qregc2;pcm_fftMag_spectralVariance_sma_qregc3;pcm_fftMag_spectralVariance_sma_qregerrQ;pcm_fftMag_spectralVariance_sma_centroid;pcm_fftMag_spectralSkewness_sma_amean;pcm_fftMag_spectralSkewness_sma_flatness;pcm_fftMag_spectralSkewness_sma_rqmean;pcm_fftMag_spectralSkewness_sma_meanPeakDist;pcm_fftMag_spectralSkewness_sma_peakDistStddev;pcm_fftMag_spectralSkewness_sma_peakRangeAbs;pcm_fftMag_spectralSkewness_sma_peakRangeRel;pcm_fftMag_spectralSkewness_sma_peakMeanAbs;pcm_fftMag_spectralSkewness_sma_peakMeanMeanDist;pcm_fftMag_spectralSkewness_sma_peakMeanRel;pcm_fftMag_spectralSkewness_sma_minRangeRel;pcm_fftMag_spectralSkewness_sma_meanRisingSlope;pcm_fftMag_spectralSkewness_sma_stddevRisingSlope;pcm_fftMag_spectralSkewness_sma_meanFallingSlope;pcm_fftMag_spectralSkewness_sma_stddevFallingSlope;pcm_fftMag_spectralSkewness_sma_linregc1;pcm_fftMag_spectralSkewness_sma_linregc2;pcm_fftMag_spectralSkewness_sma_linregerrQ;pcm_fftMag_spectralSkewness_sma_qregc1;pcm_fftMag_spectralSkewness_sma_qregc2;pcm_fftMag_spectralSkewness_sma_qregc3;pcm_fftMag_spectralSkewness_sma_qregerrQ;pcm_fftMag_spectralSkewness_sma_centroid;pcm_fftMag_spectralKurtosis_sma_amean;pcm_fftMag_spectralKurtosis_sma_flatness;pcm_fftMag_spectralKurtosis_sma_rqmean;pcm_fftMag_spectralKurtosis_sma_meanPeakDist;pcm_fftMag_spectralKurtosis_sma_peakDistStddev;pcm_fftMag_spectralKurtosis_sma_peakRangeAbs;pcm_fftMag_spectralKurtosis_sma_peakRangeRel;pcm_fftMag_spectralKurtosis_sma_peakMeanAbs;pcm_fftMag_spectralKurtosis_sma_peakMeanMeanDist;pcm_fftMag_spectralKurtosis_sma_peakMeanRel;pcm_fftMag_spectralKurtosis_sma_minRangeRel;pcm_fftMag_spectralKurtosis_sma_meanRisingSlope;pcm_fftMag_spectralKurtosis_sma_stddevRisingSlope;pcm_fftMag_spectralKurtosis_sma_meanFallingSlope;pcm_fftMag_spectralKurtosis_sma_stddevFallingSlope;pcm_fftMag_spectralKurtosis_sma_linregc1;pcm_fftMag_spectralKurtosis_sma_linregc2;pcm_fftMag_spectralKurtosis_sma_linregerrQ;pcm_fftMag_spectralKurtosis_sma_qregc1;pcm_fftMag_spectralKurtosis_sma_qregc2;pcm_fftMag_spectralKurtosis_sma_qregc3;pcm_fftMag_spectralKurtosis_sma_qregerrQ;pcm_fftMag_spectralKurtosis_sma_centroid;pcm_fftMag_spectralSlope_sma_amean;pcm_fftMag_spectralSlope_sma_flatness;pcm_fftMag_spectralSlope_sma_rqmean;pcm_fftMag_spectralSlope_sma_meanPeakDist;pcm_fftMag_spectralSlope_sma_peakDistStddev;pcm_fftMag_spectralSlope_sma_peakRangeAbs;pcm_fftMag_spectralSlope_sma_peakRangeRel;pcm_fftMag_spectralSlope_sma_peakMeanAbs;pcm_fftMag_spectralSlope_sma_peakMeanMeanDist;pcm_fftMag_spectralSlope_sma_peakMeanRel;pcm_fftMag_spectralSlope_sma_minRangeRel;pcm_fftMag_spectralSlope_sma_meanRisingSlope;pcm_fftMag_spectralSlope_sma_stddevRisingSlope;pcm_fftMag_spectralSlope_sma_meanFallingSlope;pcm_fftMag_spectralSlope_sma_stddevFallingSlope;pcm_fftMag_spectralSlope_sma_linregc1;pcm_fftMag_spectralSlope_sma_linregc2;pcm_fftMag_spectralSlope_sma_linregerrQ;pcm_fftMag_spectralSlope_sma_qregc1;pcm_fftMag_spectralSlope_sma_qregc2;pcm_fftMag_spectralSlope_sma_qregc3;pcm_fftMag_spectralSlope_sma_qregerrQ;pcm_fftMag_spectralSlope_sma_centroid;pcm_fftMag_psySharpness_sma_amean;pcm_fftMag_psySharpness_sma_flatness;pcm_fftMag_psySharpness_sma_rqmean;pcm_fftMag_psySharpness_sma_meanPeakDist;pcm_fftMag_psySharpness_sma_peakDistStddev;pcm_fftMag_psySharpness_sma_peakRangeAbs;pcm_fftMag_psySharpness_sma_peakRangeRel;pcm_fftMag_psySharpness_sma_peakMeanAbs;pcm_fftMag_psySharpness_sma_peakMeanMeanDist;pcm_fftMag_psySharpness_sma_peakMeanRel;pcm_fftMag_psySharpness_sma_minRangeRel;pcm_fftMag_psySharpness_sma_meanRisingSlope;pcm_fftMag_psySharpness_sma_stddevRisingSlope;pcm_fftMag_psySharpness_sma_meanFallingSlope;pcm_fftMag_psySharpness_sma_stddevFallingSlope;pcm_fftMag_psySharpness_sma_linregc1;pcm_fftMag_psySharpness_sma_linregc2;pcm_fftMag_psySharpness_sma_linregerrQ;pcm_fftMag_psySharpness_sma_qregc1;pcm_fftMag_psySharpness_sma_qregc2;pcm_fftMag_psySharpness_sma_qregc3;pcm_fftMag_psySharpness_sma_qregerrQ;pcm_fftMag_psySharpness_sma_centroid;pcm_fftMag_spectralHarmonicity_sma_amean;pcm_fftMag_spectralHarmonicity_sma_flatness;pcm_fftMag_spectralHarmonicity_sma_rqmean;pcm_fftMag_spectralHarmonicity_sma_meanPeakDist;pcm_fftMag_spectralHarmonicity_sma_peakDistStddev;pcm_fftMag_spectralHarmonicity_sma_peakRangeAbs;pcm_fftMag_spectralHarmonicity_sma_peakRangeRel;pcm_fftMag_spectralHarmonicity_sma_peakMeanAbs;pcm_fftMag_spectralHarmonicity_sma_peakMeanMeanDist;pcm_fftMag_spectralHarmonicity_sma_peakMeanRel;pcm_fftMag_spectralHarmonicity_sma_minRangeRel;pcm_fftMag_spectralHarmonicity_sma_meanRisingSlope;pcm_fftMag_spectralHarmonicity_sma_stddevRisingSlope;pcm_fftMag_spectralHarmonicity_sma_meanFallingSlope;pcm_fftMag_spectralHarmonicity_sma_stddevFallingSlope;pcm_fftMag_spectralHarmonicity_sma_linregc1;pcm_fftMag_spectralHarmonicity_sma_linregc2;pcm_fftMag_spectralHarmonicity_sma_linregerrQ;pcm_fftMag_spectralHarmonicity_sma_qregc1;pcm_fftMag_spectralHarmonicity_sma_qregc2;pcm_fftMag_spectralHarmonicity_sma_qregc3;pcm_fftMag_spectralHarmonicity_sma_qregerrQ;pcm_fftMag_spectralHarmonicity_sma_centroid;mfcc_sma[1]_amean;mfcc_sma[1]_flatness;mfcc_sma[1]_rqmean;mfcc_sma[1]_meanPeakDist;mfcc_sma[1]_peakDistStddev;mfcc_sma[1]_peakRangeAbs;mfcc_sma[1]_peakRangeRel;mfcc_sma[1]_peakMeanAbs;mfcc_sma[1]_peakMeanMeanDist;mfcc_sma[1]_peakMeanRel;mfcc_sma[1]_minRangeRel;mfcc_sma[1]_meanRisingSlope;mfcc_sma[1]_stddevRisingSlope;mfcc_sma[1]_meanFallingSlope;mfcc_sma[1]_stddevFallingSlope;mfcc_sma[1]_linregc1;mfcc_sma[1]_linregc2;mfcc_sma[1]_linregerrQ;mfcc_sma[1]_qregc1;mfcc_sma[1]_qregc2;mfcc_sma[1]_qregc3;mfcc_sma[1]_qregerrQ;mfcc_sma[1]_centroid;mfcc_sma[2]_amean;mfcc_sma[2]_flatness;mfcc_sma[2]_rqmean;mfcc_sma[2]_meanPeakDist;mfcc_sma[2]_peakDistStddev;mfcc_sma[2]_peakRangeAbs;mfcc_sma[2]_peakRangeRel;mfcc_sma[2]_peakMeanAbs;mfcc_sma[2]_peakMeanMeanDist;mfcc_sma[2]_peakMeanRel;mfcc_sma[2]_minRangeRel;mfcc_sma[2]_meanRisingSlope;mfcc_sma[2]_stddevRisingSlope;mfcc_sma[2]_meanFallingSlope;mfcc_sma[2]_stddevFallingSlope;mfcc_sma[2]_linregc1;mfcc_sma[2]_linregc2;mfcc_sma[2]_linregerrQ;mfcc_sma[2]_qregc1;mfcc_sma[2]_qregc2;mfcc_sma[2]_qregc3;mfcc_sma[2]_qregerrQ;mfcc_sma[2]_centroid;mfcc_sma[3]_amean;mfcc_sma[3]_flatness;mfcc_sma[3]_rqmean;mfcc_sma[3]_meanPeakDist;mfcc_sma[3]_peakDistStddev;mfcc_sma[3]_peakRangeAbs;mfcc_sma[3]_peakRangeRel;mfcc_sma[3]_peakMeanAbs;mfcc_sma[3]_peakMeanMeanDist;mfcc_sma[3]_peakMeanRel;mfcc_sma[3]_minRangeRel;mfcc_sma[3]_meanRisingSlope;mfcc_sma[3]_stddevRisingSlope;mfcc_sma[3]_meanFallingSlope;mfcc_sma[3]_stddevFallingSlope;mfcc_sma[3]_linregc1;mfcc_sma[3]_linregc2;mfcc_sma[3]_linregerrQ;mfcc_sma[3]_qregc1;mfcc_sma[3]_qregc2;mfcc_sma[3]_qregc3;mfcc_sma[3]_qregerrQ;mfcc_sma[3]_centroid;mfcc_sma[4]_amean;mfcc_sma[4]_flatness;mfcc_sma[4]_rqmean;mfcc_sma[4]_meanPeakDist;mfcc_sma[4]_peakDistStddev;mfcc_sma[4]_peakRangeAbs;mfcc_sma[4]_peakRangeRel;mfcc_sma[4]_peakMeanAbs;mfcc_sma[4]_peakMeanMeanDist;mfcc_sma[4]_peakMeanRel;mfcc_sma[4]_minRangeRel;mfcc_sma[4]_meanRisingSlope;mfcc_sma[4]_stddevRisingSlope;mfcc_sma[4]_meanFallingSlope;mfcc_sma[4]_stddevFallingSlope;mfcc_sma[4]_linregc1;mfcc_sma[4]_linregc2;mfcc_sma[4]_linregerrQ;mfcc_sma[4]_qregc1;mfcc_sma[4]_qregc2;mfcc_sma[4]_qregc3;mfcc_sma[4]_qregerrQ;mfcc_sma[4]_centroid;mfcc_sma[5]_amean;mfcc_sma[5]_flatness;mfcc_sma[5]_rqmean;mfcc_sma[5]_meanPeakDist;mfcc_sma[5]_peakDistStddev;mfcc_sma[5]_peakRangeAbs;mfcc_sma[5]_peakRangeRel;mfcc_sma[5]_peakMeanAbs;mfcc_sma[5]_peakMeanMeanDist;mfcc_sma[5]_peakMeanRel;mfcc_sma[5]_minRangeRel;mfcc_sma[5]_meanRisingSlope;mfcc_sma[5]_stddevRisingSlope;mfcc_sma[5]_meanFallingSlope;mfcc_sma[5]_stddevFallingSlope;mfcc_sma[5]_linregc1;mfcc_sma[5]_linregc2;mfcc_sma[5]_linregerrQ;mfcc_sma[5]_qregc1;mfcc_sma[5]_qregc2;mfcc_sma[5]_qregc3;mfcc_sma[5]_qregerrQ;mfcc_sma[5]_centroid;mfcc_sma[6]_amean;mfcc_sma[6]_flatness;mfcc_sma[6]_rqmean;mfcc_sma[6]_meanPeakDist;mfcc_sma[6]_peakDistStddev;mfcc_sma[6]_peakRangeAbs;mfcc_sma[6]_peakRangeRel;mfcc_sma[6]_peakMeanAbs;mfcc_sma[6]_peakMeanMeanDist;mfcc_sma[6]_peakMeanRel;mfcc_sma[6]_minRangeRel;mfcc_sma[6]_meanRisingSlope;mfcc_sma[6]_stddevRisingSlope;mfcc_sma[6]_meanFallingSlope;mfcc_sma[6]_stddevFallingSlope;mfcc_sma[6]_linregc1;mfcc_sma[6]_linregc2;mfcc_sma[6]_linregerrQ;mfcc_sma[6]_qregc1;mfcc_sma[6]_qregc2;mfcc_sma[6]_qregc3;mfcc_sma[6]_qregerrQ;mfcc_sma[6]_centroid;mfcc_sma[7]_amean;mfcc_sma[7]_flatness;mfcc_sma[7]_rqmean;mfcc_sma[7]_meanPeakDist;mfcc_sma[7]_peakDistStddev;mfcc_sma[7]_peakRangeAbs;mfcc_sma[7]_peakRangeRel;mfcc_sma[7]_peakMeanAbs;mfcc_sma[7]_peakMeanMeanDist;mfcc_sma[7]_peakMeanRel;mfcc_sma[7]_minRangeRel;mfcc_sma[7]_meanRisingSlope;mfcc_sma[7]_stddevRisingSlope;mfcc_sma[7]_meanFallingSlope;mfcc_sma[7]_stddevFallingSlope;mfcc_sma[7]_linregc1;mfcc_sma[7]_linregc2;mfcc_sma[7]_linregerrQ;mfcc_sma[7]_qregc1;mfcc_sma[7]_qregc2;mfcc_sma[7]_qregc3;mfcc_sma[7]_qregerrQ;mfcc_sma[7]_centroid;mfcc_sma[8]_amean;mfcc_sma[8]_flatness;mfcc_sma[8]_rqmean;mfcc_sma[8]_meanPeakDist;mfcc_sma[8]_peakDistStddev;mfcc_sma[8]_peakRangeAbs;mfcc_sma[8]_peakRangeRel;mfcc_sma[8]_peakMeanAbs;mfcc_sma[8]_peakMeanMeanDist;mfcc_sma[8]_peakMeanRel;mfcc_sma[8]_minRangeRel;mfcc_sma[8]_meanRisingSlope;mfcc_sma[8]_stddevRisingSlope;mfcc_sma[8]_meanFallingSlope;mfcc_sma[8]_stddevFallingSlope;mfcc_sma[8]_linregc1;mfcc_sma[8]_linregc2;mfcc_sma[8]_linregerrQ;mfcc_sma[8]_qregc1;mfcc_sma[8]_qregc2;mfcc_sma[8]_qregc3;mfcc_sma[8]_qregerrQ;mfcc_sma[8]_centroid;mfcc_sma[9]_amean;mfcc_sma[9]_flatness;mfcc_sma[9]_rqmean;mfcc_sma[9]_meanPeakDist;mfcc_sma[9]_peakDistStddev;mfcc_sma[9]_peakRangeAbs;mfcc_sma[9]_peakRangeRel;mfcc_sma[9]_peakMeanAbs;mfcc_sma[9]_peakMeanMeanDist;mfcc_sma[9]_peakMeanRel;mfcc_sma[9]_minRangeRel;mfcc_sma[9]_meanRisingSlope;mfcc_sma[9]_stddevRisingSlope;mfcc_sma[9]_meanFallingSlope;mfcc_sma[9]_stddevFallingSlope;mfcc_sma[9]_linregc1;mfcc_sma[9]_linregc2;mfcc_sma[9]_linregerrQ;mfcc_sma[9]_qregc1;mfcc_sma[9]_qregc2;mfcc_sma[9]_qregc3;mfcc_sma[9]_qregerrQ;mfcc_sma[9]_centroid;mfcc_sma[10]_amean;mfcc_sma[10]_flatness;mfcc_sma[10]_rqmean;mfcc_sma[10]_meanPeakDist;mfcc_sma[10]_peakDistStddev;mfcc_sma[10]_peakRangeAbs;mfcc_sma[10]_peakRangeRel;mfcc_sma[10]_peakMeanAbs;mfcc_sma[10]_peakMeanMeanDist;mfcc_sma[10]_peakMeanRel;mfcc_sma[10]_minRangeRel;mfcc_sma[10]_meanRisingSlope;mfcc_sma[10]_stddevRisingSlope;mfcc_sma[10]_meanFallingSlope;mfcc_sma[10]_stddevFallingSlope;mfcc_sma[10]_linregc1;mfcc_sma[10]_linregc2;mfcc_sma[10]_linregerrQ;mfcc_sma[10]_qregc1;mfcc_sma[10]_qregc2;mfcc_sma[10]_qregc3;mfcc_sma[10]_qregerrQ;mfcc_sma[10]_centroid;mfcc_sma[11]_amean;mfcc_sma[11]_flatness;mfcc_sma[11]_rqmean;mfcc_sma[11]_meanPeakDist;mfcc_sma[11]_peakDistStddev;mfcc_sma[11]_peakRangeAbs;mfcc_sma[11]_peakRangeRel;mfcc_sma[11]_peakMeanAbs;mfcc_sma[11]_peakMeanMeanDist;mfcc_sma[11]_peakMeanRel;mfcc_sma[11]_minRangeRel;mfcc_sma[11]_meanRisingSlope;mfcc_sma[11]_stddevRisingSlope;mfcc_sma[11]_meanFallingSlope;mfcc_sma[11]_stddevFallingSlope;mfcc_sma[11]_linregc1;mfcc_sma[11]_linregc2;mfcc_sma[11]_linregerrQ;mfcc_sma[11]_qregc1;mfcc_sma[11]_qregc2;mfcc_sma[11]_qregc3;mfcc_sma[11]_qregerrQ;mfcc_sma[11]_centroid;mfcc_sma[12]_amean;mfcc_sma[12]_flatness;mfcc_sma[12]_rqmean;mfcc_sma[12]_meanPeakDist;mfcc_sma[12]_peakDistStddev;mfcc_sma[12]_peakRangeAbs;mfcc_sma[12]_peakRangeRel;mfcc_sma[12]_peakMeanAbs;mfcc_sma[12]_peakMeanMeanDist;mfcc_sma[12]_peakMeanRel;mfcc_sma[12]_minRangeRel;mfcc_sma[12]_meanRisingSlope;mfcc_sma[12]_stddevRisingSlope;mfcc_sma[12]_meanFallingSlope;mfcc_sma[12]_stddevFallingSlope;mfcc_sma[12]_linregc1;mfcc_sma[12]_linregc2;mfcc_sma[12]_linregerrQ;mfcc_sma[12]_qregc1;mfcc_sma[12]_qregc2;mfcc_sma[12]_qregc3;mfcc_sma[12]_qregerrQ;mfcc_sma[12]_centroid;mfcc_sma[13]_amean;mfcc_sma[13]_flatness;mfcc_sma[13]_rqmean;mfcc_sma[13]_meanPeakDist;mfcc_sma[13]_peakDistStddev;mfcc_sma[13]_peakRangeAbs;mfcc_sma[13]_peakRangeRel;mfcc_sma[13]_peakMeanAbs;mfcc_sma[13]_peakMeanMeanDist;mfcc_sma[13]_peakMeanRel;mfcc_sma[13]_minRangeRel;mfcc_sma[13]_meanRisingSlope;mfcc_sma[13]_stddevRisingSlope;mfcc_sma[13]_meanFallingSlope;mfcc_sma[13]_stddevFallingSlope;mfcc_sma[13]_linregc1;mfcc_sma[13]_linregc2;mfcc_sma[13]_linregerrQ;mfcc_sma[13]_qregc1;mfcc_sma[13]_qregc2;mfcc_sma[13]_qregc3;mfcc_sma[13]_qregerrQ;mfcc_sma[13]_centroid;mfcc_sma[14]_amean;mfcc_sma[14]_flatness;mfcc_sma[14]_rqmean;mfcc_sma[14]_meanPeakDist;mfcc_sma[14]_peakDistStddev;mfcc_sma[14]_peakRangeAbs;mfcc_sma[14]_peakRangeRel;mfcc_sma[14]_peakMeanAbs;mfcc_sma[14]_peakMeanMeanDist;mfcc_sma[14]_peakMeanRel;mfcc_sma[14]_minRangeRel;mfcc_sma[14]_meanRisingSlope;mfcc_sma[14]_stddevRisingSlope;mfcc_sma[14]_meanFallingSlope;mfcc_sma[14]_stddevFallingSlope;mfcc_sma[14]_linregc1;mfcc_sma[14]_linregc2;mfcc_sma[14]_linregerrQ;mfcc_sma[14]_qregc1;mfcc_sma[14]_qregc2;mfcc_sma[14]_qregc3;mfcc_sma[14]_qregerrQ;mfcc_sma[14]_centroid;audspec_lengthL1norm_sma_de_flatness;audspec_lengthL1norm_sma_de_posamean;audspec_lengthL1norm_sma_de_rqmean;audspec_lengthL1norm_sma_de_meanPeakDist;audspec_lengthL1norm_sma_de_peakDistStddev;audspec_lengthL1norm_sma_de_peakRangeAbs;audspec_lengthL1norm_sma_de_peakRangeRel;audspec_lengthL1norm_sma_de_peakMeanAbs;audspec_lengthL1norm_sma_de_peakMeanMeanDist;audspec_lengthL1norm_sma_de_peakMeanRel;audspec_lengthL1norm_sma_de_minRangeRel;audspec_lengthL1norm_sma_de_meanRisingSlope;audspec_lengthL1norm_sma_de_stddevRisingSlope;audspec_lengthL1norm_sma_de_meanFallingSlope;audspec_lengthL1norm_sma_de_stddevFallingSlope;audspecRasta_lengthL1norm_sma_de_flatness;audspecRasta_lengthL1norm_sma_de_posamean;audspecRasta_lengthL1norm_sma_de_rqmean;audspecRasta_lengthL1norm_sma_de_meanPeakDist;audspecRasta_lengthL1norm_sma_de_peakDistStddev;audspecRasta_lengthL1norm_sma_de_peakRangeAbs;audspecRasta_lengthL1norm_sma_de_peakRangeRel;audspecRasta_lengthL1norm_sma_de_peakMeanAbs;audspecRasta_lengthL1norm_sma_de_peakMeanMeanDist;audspecRasta_lengthL1norm_sma_de_peakMeanRel;audspecRasta_lengthL1norm_sma_de_minRangeRel;audspecRasta_lengthL1norm_sma_de_meanRisingSlope;audspecRasta_lengthL1norm_sma_de_stddevRisingSlope;audspecRasta_lengthL1norm_sma_de_meanFallingSlope;audspecRasta_lengthL1norm_sma_de_stddevFallingSlope;pcm_RMSenergy_sma_de_flatness;pcm_RMSenergy_sma_de_posamean;pcm_RMSenergy_sma_de_rqmean;pcm_RMSenergy_sma_de_meanPeakDist;pcm_RMSenergy_sma_de_peakDistStddev;pcm_RMSenergy_sma_de_peakRangeAbs;pcm_RMSenergy_sma_de_peakRangeRel;pcm_RMSenergy_sma_de_peakMeanAbs;pcm_RMSenergy_sma_de_peakMeanMeanDist;pcm_RMSenergy_sma_de_peakMeanRel;pcm_RMSenergy_sma_de_minRangeRel;pcm_RMSenergy_sma_de_meanRisingSlope;pcm_RMSenergy_sma_de_stddevRisingSlope;pcm_RMSenergy_sma_de_meanFallingSlope;pcm_RMSenergy_sma_de_stddevFallingSlope;pcm_zcr_sma_de_flatness;pcm_zcr_sma_de_posamean;pcm_zcr_sma_de_rqmean;pcm_zcr_sma_de_meanPeakDist;pcm_zcr_sma_de_peakDistStddev;pcm_zcr_sma_de_peakRangeAbs;pcm_zcr_sma_de_peakRangeRel;pcm_zcr_sma_de_peakMeanAbs;pcm_zcr_sma_de_peakMeanMeanDist;pcm_zcr_sma_de_peakMeanRel;pcm_zcr_sma_de_minRangeRel;pcm_zcr_sma_de_meanRisingSlope;pcm_zcr_sma_de_stddevRisingSlope;pcm_zcr_sma_de_meanFallingSlope;pcm_zcr_sma_de_stddevFallingSlope;audSpec_Rfilt_sma_de[0]_flatness;audSpec_Rfilt_sma_de[0]_posamean;audSpec_Rfilt_sma_de[0]_rqmean;audSpec_Rfilt_sma_de[0]_meanPeakDist;audSpec_Rfilt_sma_de[0]_peakDistStddev;audSpec_Rfilt_sma_de[0]_peakRangeAbs;audSpec_Rfilt_sma_de[0]_peakRangeRel;audSpec_Rfilt_sma_de[0]_peakMeanAbs;audSpec_Rfilt_sma_de[0]_peakMeanMeanDist;audSpec_Rfilt_sma_de[0]_peakMeanRel;audSpec_Rfilt_sma_de[0]_minRangeRel;audSpec_Rfilt_sma_de[0]_meanRisingSlope;audSpec_Rfilt_sma_de[0]_stddevRisingSlope;audSpec_Rfilt_sma_de[0]_meanFallingSlope;audSpec_Rfilt_sma_de[0]_stddevFallingSlope;audSpec_Rfilt_sma_de[1]_flatness;audSpec_Rfilt_sma_de[1]_posamean;audSpec_Rfilt_sma_de[1]_rqmean;audSpec_Rfilt_sma_de[1]_meanPeakDist;audSpec_Rfilt_sma_de[1]_peakDistStddev;audSpec_Rfilt_sma_de[1]_peakRangeAbs;audSpec_Rfilt_sma_de[1]_peakRangeRel;audSpec_Rfilt_sma_de[1]_peakMeanAbs;audSpec_Rfilt_sma_de[1]_peakMeanMeanDist;audSpec_Rfilt_sma_de[1]_peakMeanRel;audSpec_Rfilt_sma_de[1]_minRangeRel;audSpec_Rfilt_sma_de[1]_meanRisingSlope;audSpec_Rfilt_sma_de[1]_stddevRisingSlope;audSpec_Rfilt_sma_de[1]_meanFallingSlope;audSpec_Rfilt_sma_de[1]_stddevFallingSlope;audSpec_Rfilt_sma_de[2]_flatness;audSpec_Rfilt_sma_de[2]_posamean;audSpec_Rfilt_sma_de[2]_rqmean;audSpec_Rfilt_sma_de[2]_meanPeakDist;audSpec_Rfilt_sma_de[2]_peakDistStddev;audSpec_Rfilt_sma_de[2]_peakRangeAbs;audSpec_Rfilt_sma_de[2]_peakRangeRel;audSpec_Rfilt_sma_de[2]_peakMeanAbs;audSpec_Rfilt_sma_de[2]_peakMeanMeanDist;audSpec_Rfilt_sma_de[2]_peakMeanRel;audSpec_Rfilt_sma_de[2]_minRangeRel;audSpec_Rfilt_sma_de[2]_meanRisingSlope;audSpec_Rfilt_sma_de[2]_stddevRisingSlope;audSpec_Rfilt_sma_de[2]_meanFallingSlope;audSpec_Rfilt_sma_de[2]_stddevFallingSlope;audSpec_Rfilt_sma_de[3]_flatness;audSpec_Rfilt_sma_de[3]_posamean;audSpec_Rfilt_sma_de[3]_rqmean;audSpec_Rfilt_sma_de[3]_meanPeakDist;audSpec_Rfilt_sma_de[3]_peakDistStddev;audSpec_Rfilt_sma_de[3]_peakRangeAbs;audSpec_Rfilt_sma_de[3]_peakRangeRel;audSpec_Rfilt_sma_de[3]_peakMeanAbs;audSpec_Rfilt_sma_de[3]_peakMeanMeanDist;audSpec_Rfilt_sma_de[3]_peakMeanRel;audSpec_Rfilt_sma_de[3]_minRangeRel;audSpec_Rfilt_sma_de[3]_meanRisingSlope;audSpec_Rfilt_sma_de[3]_stddevRisingSlope;audSpec_Rfilt_sma_de[3]_meanFallingSlope;audSpec_Rfilt_sma_de[3]_stddevFallingSlope;audSpec_Rfilt_sma_de[4]_flatness;audSpec_Rfilt_sma_de[4]_posamean;audSpec_Rfilt_sma_de[4]_rqmean;audSpec_Rfilt_sma_de[4]_meanPeakDist;audSpec_Rfilt_sma_de[4]_peakDistStddev;audSpec_Rfilt_sma_de[4]_peakRangeAbs;audSpec_Rfilt_sma_de[4]_peakRangeRel;audSpec_Rfilt_sma_de[4]_peakMeanAbs;audSpec_Rfilt_sma_de[4]_peakMeanMeanDist;audSpec_Rfilt_sma_de[4]_peakMeanRel;audSpec_Rfilt_sma_de[4]_minRangeRel;audSpec_Rfilt_sma_de[4]_meanRisingSlope;audSpec_Rfilt_sma_de[4]_stddevRisingSlope;audSpec_Rfilt_sma_de[4]_meanFallingSlope;audSpec_Rfilt_sma_de[4]_stddevFallingSlope;audSpec_Rfilt_sma_de[5]_flatness;audSpec_Rfilt_sma_de[5]_posamean;audSpec_Rfilt_sma_de[5]_rqmean;audSpec_Rfilt_sma_de[5]_meanPeakDist;audSpec_Rfilt_sma_de[5]_peakDistStddev;audSpec_Rfilt_sma_de[5]_peakRangeAbs;audSpec_Rfilt_sma_de[5]_peakRangeRel;audSpec_Rfilt_sma_de[5]_peakMeanAbs;audSpec_Rfilt_sma_de[5]_peakMeanMeanDist;audSpec_Rfilt_sma_de[5]_peakMeanRel;audSpec_Rfilt_sma_de[5]_minRangeRel;audSpec_Rfilt_sma_de[5]_meanRisingSlope;audSpec_Rfilt_sma_de[5]_stddevRisingSlope;audSpec_Rfilt_sma_de[5]_meanFallingSlope;audSpec_Rfilt_sma_de[5]_stddevFallingSlope;audSpec_Rfilt_sma_de[6]_flatness;audSpec_Rfilt_sma_de[6]_posamean;audSpec_Rfilt_sma_de[6]_rqmean;audSpec_Rfilt_sma_de[6]_meanPeakDist;audSpec_Rfilt_sma_de[6]_peakDistStddev;audSpec_Rfilt_sma_de[6]_peakRangeAbs;audSpec_Rfilt_sma_de[6]_peakRangeRel;audSpec_Rfilt_sma_de[6]_peakMeanAbs;audSpec_Rfilt_sma_de[6]_peakMeanMeanDist;audSpec_Rfilt_sma_de[6]_peakMeanRel;audSpec_Rfilt_sma_de[6]_minRangeRel;audSpec_Rfilt_sma_de[6]_meanRisingSlope;audSpec_Rfilt_sma_de[6]_stddevRisingSlope;audSpec_Rfilt_sma_de[6]_meanFallingSlope;audSpec_Rfilt_sma_de[6]_stddevFallingSlope;audSpec_Rfilt_sma_de[7]_flatness;audSpec_Rfilt_sma_de[7]_posamean;audSpec_Rfilt_sma_de[7]_rqmean;audSpec_Rfilt_sma_de[7]_meanPeakDist;audSpec_Rfilt_sma_de[7]_peakDistStddev;audSpec_Rfilt_sma_de[7]_peakRangeAbs;audSpec_Rfilt_sma_de[7]_peakRangeRel;audSpec_Rfilt_sma_de[7]_peakMeanAbs;audSpec_Rfilt_sma_de[7]_peakMeanMeanDist;audSpec_Rfilt_sma_de[7]_peakMeanRel;audSpec_Rfilt_sma_de[7]_minRangeRel;audSpec_Rfilt_sma_de[7]_meanRisingSlope;audSpec_Rfilt_sma_de[7]_stddevRisingSlope;audSpec_Rfilt_sma_de[7]_meanFallingSlope;audSpec_Rfilt_sma_de[7]_stddevFallingSlope;audSpec_Rfilt_sma_de[8]_flatness;audSpec_Rfilt_sma_de[8]_posamean;audSpec_Rfilt_sma_de[8]_rqmean;audSpec_Rfilt_sma_de[8]_meanPeakDist;audSpec_Rfilt_sma_de[8]_peakDistStddev;audSpec_Rfilt_sma_de[8]_peakRangeAbs;audSpec_Rfilt_sma_de[8]_peakRangeRel;audSpec_Rfilt_sma_de[8]_peakMeanAbs;audSpec_Rfilt_sma_de[8]_peakMeanMeanDist;audSpec_Rfilt_sma_de[8]_peakMeanRel;audSpec_Rfilt_sma_de[8]_minRangeRel;audSpec_Rfilt_sma_de[8]_meanRisingSlope;audSpec_Rfilt_sma_de[8]_stddevRisingSlope;audSpec_Rfilt_sma_de[8]_meanFallingSlope;audSpec_Rfilt_sma_de[8]_stddevFallingSlope;audSpec_Rfilt_sma_de[9]_flatness;audSpec_Rfilt_sma_de[9]_posamean;audSpec_Rfilt_sma_de[9]_rqmean;audSpec_Rfilt_sma_de[9]_meanPeakDist;audSpec_Rfilt_sma_de[9]_peakDistStddev;audSpec_Rfilt_sma_de[9]_peakRangeAbs;audSpec_Rfilt_sma_de[9]_peakRangeRel;audSpec_Rfilt_sma_de[9]_peakMeanAbs;audSpec_Rfilt_sma_de[9]_peakMeanMeanDist;audSpec_Rfilt_sma_de[9]_peakMeanRel;audSpec_Rfilt_sma_de[9]_minRangeRel;audSpec_Rfilt_sma_de[9]_meanRisingSlope;audSpec_Rfilt_sma_de[9]_stddevRisingSlope;audSpec_Rfilt_sma_de[9]_meanFallingSlope;audSpec_Rfilt_sma_de[9]_stddevFallingSlope;audSpec_Rfilt_sma_de[10]_flatness;audSpec_Rfilt_sma_de[10]_posamean;audSpec_Rfilt_sma_de[10]_rqmean;audSpec_Rfilt_sma_de[10]_meanPeakDist;audSpec_Rfilt_sma_de[10]_peakDistStddev;audSpec_Rfilt_sma_de[10]_peakRangeAbs;audSpec_Rfilt_sma_de[10]_peakRangeRel;audSpec_Rfilt_sma_de[10]_peakMeanAbs;audSpec_Rfilt_sma_de[10]_peakMeanMeanDist;audSpec_Rfilt_sma_de[10]_peakMeanRel;audSpec_Rfilt_sma_de[10]_minRangeRel;audSpec_Rfilt_sma_de[10]_meanRisingSlope;audSpec_Rfilt_sma_de[10]_stddevRisingSlope;audSpec_Rfilt_sma_de[10]_meanFallingSlope;audSpec_Rfilt_sma_de[10]_stddevFallingSlope;audSpec_Rfilt_sma_de[11]_flatness;audSpec_Rfilt_sma_de[11]_posamean;audSpec_Rfilt_sma_de[11]_rqmean;audSpec_Rfilt_sma_de[11]_meanPeakDist;audSpec_Rfilt_sma_de[11]_peakDistStddev;audSpec_Rfilt_sma_de[11]_peakRangeAbs;audSpec_Rfilt_sma_de[11]_peakRangeRel;audSpec_Rfilt_sma_de[11]_peakMeanAbs;audSpec_Rfilt_sma_de[11]_peakMeanMeanDist;audSpec_Rfilt_sma_de[11]_peakMeanRel;audSpec_Rfilt_sma_de[11]_minRangeRel;audSpec_Rfilt_sma_de[11]_meanRisingSlope;audSpec_Rfilt_sma_de[11]_stddevRisingSlope;audSpec_Rfilt_sma_de[11]_meanFallingSlope;audSpec_Rfilt_sma_de[11]_stddevFallingSlope;audSpec_Rfilt_sma_de[12]_flatness;audSpec_Rfilt_sma_de[12]_posamean;audSpec_Rfilt_sma_de[12]_rqmean;audSpec_Rfilt_sma_de[12]_meanPeakDist;audSpec_Rfilt_sma_de[12]_peakDistStddev;audSpec_Rfilt_sma_de[12]_peakRangeAbs;audSpec_Rfilt_sma_de[12]_peakRangeRel;audSpec_Rfilt_sma_de[12]_peakMeanAbs;audSpec_Rfilt_sma_de[12]_peakMeanMeanDist;audSpec_Rfilt_sma_de[12]_peakMeanRel;audSpec_Rfilt_sma_de[12]_minRangeRel;audSpec_Rfilt_sma_de[12]_meanRisingSlope;audSpec_Rfilt_sma_de[12]_stddevRisingSlope;audSpec_Rfilt_sma_de[12]_meanFallingSlope;audSpec_Rfilt_sma_de[12]_stddevFallingSlope;audSpec_Rfilt_sma_de[13]_flatness;audSpec_Rfilt_sma_de[13]_posamean;audSpec_Rfilt_sma_de[13]_rqmean;audSpec_Rfilt_sma_de[13]_meanPeakDist;audSpec_Rfilt_sma_de[13]_peakDistStddev;audSpec_Rfilt_sma_de[13]_peakRangeAbs;audSpec_Rfilt_sma_de[13]_peakRangeRel;audSpec_Rfilt_sma_de[13]_peakMeanAbs;audSpec_Rfilt_sma_de[13]_peakMeanMeanDist;audSpec_Rfilt_sma_de[13]_peakMeanRel;audSpec_Rfilt_sma_de[13]_minRangeRel;audSpec_Rfilt_sma_de[13]_meanRisingSlope;audSpec_Rfilt_sma_de[13]_stddevRisingSlope;audSpec_Rfilt_sma_de[13]_meanFallingSlope;audSpec_Rfilt_sma_de[13]_stddevFallingSlope;audSpec_Rfilt_sma_de[14]_flatness;audSpec_Rfilt_sma_de[14]_posamean;audSpec_Rfilt_sma_de[14]_rqmean;audSpec_Rfilt_sma_de[14]_meanPeakDist;audSpec_Rfilt_sma_de[14]_peakDistStddev;audSpec_Rfilt_sma_de[14]_peakRangeAbs;audSpec_Rfilt_sma_de[14]_peakRangeRel;audSpec_Rfilt_sma_de[14]_peakMeanAbs;audSpec_Rfilt_sma_de[14]_peakMeanMeanDist;audSpec_Rfilt_sma_de[14]_peakMeanRel;audSpec_Rfilt_sma_de[14]_minRangeRel;audSpec_Rfilt_sma_de[14]_meanRisingSlope;audSpec_Rfilt_sma_de[14]_stddevRisingSlope;audSpec_Rfilt_sma_de[14]_meanFallingSlope;audSpec_Rfilt_sma_de[14]_stddevFallingSlope;audSpec_Rfilt_sma_de[15]_flatness;audSpec_Rfilt_sma_de[15]_posamean;audSpec_Rfilt_sma_de[15]_rqmean;audSpec_Rfilt_sma_de[15]_meanPeakDist;audSpec_Rfilt_sma_de[15]_peakDistStddev;audSpec_Rfilt_sma_de[15]_peakRangeAbs;audSpec_Rfilt_sma_de[15]_peakRangeRel;audSpec_Rfilt_sma_de[15]_peakMeanAbs;audSpec_Rfilt_sma_de[15]_peakMeanMeanDist;audSpec_Rfilt_sma_de[15]_peakMeanRel;audSpec_Rfilt_sma_de[15]_minRangeRel;audSpec_Rfilt_sma_de[15]_meanRisingSlope;audSpec_Rfilt_sma_de[15]_stddevRisingSlope;audSpec_Rfilt_sma_de[15]_meanFallingSlope;audSpec_Rfilt_sma_de[15]_stddevFallingSlope;audSpec_Rfilt_sma_de[16]_flatness;audSpec_Rfilt_sma_de[16]_posamean;audSpec_Rfilt_sma_de[16]_rqmean;audSpec_Rfilt_sma_de[16]_meanPeakDist;audSpec_Rfilt_sma_de[16]_peakDistStddev;audSpec_Rfilt_sma_de[16]_peakRangeAbs;audSpec_Rfilt_sma_de[16]_peakRangeRel;audSpec_Rfilt_sma_de[16]_peakMeanAbs;audSpec_Rfilt_sma_de[16]_peakMeanMeanDist;audSpec_Rfilt_sma_de[16]_peakMeanRel;audSpec_Rfilt_sma_de[16]_minRangeRel;audSpec_Rfilt_sma_de[16]_meanRisingSlope;audSpec_Rfilt_sma_de[16]_stddevRisingSlope;audSpec_Rfilt_sma_de[16]_meanFallingSlope;audSpec_Rfilt_sma_de[16]_stddevFallingSlope;audSpec_Rfilt_sma_de[17]_flatness;audSpec_Rfilt_sma_de[17]_posamean;audSpec_Rfilt_sma_de[17]_rqmean;audSpec_Rfilt_sma_de[17]_meanPeakDist;audSpec_Rfilt_sma_de[17]_peakDistStddev;audSpec_Rfilt_sma_de[17]_peakRangeAbs;audSpec_Rfilt_sma_de[17]_peakRangeRel;audSpec_Rfilt_sma_de[17]_peakMeanAbs;audSpec_Rfilt_sma_de[17]_peakMeanMeanDist;audSpec_Rfilt_sma_de[17]_peakMeanRel;audSpec_Rfilt_sma_de[17]_minRangeRel;audSpec_Rfilt_sma_de[17]_meanRisingSlope;audSpec_Rfilt_sma_de[17]_stddevRisingSlope;audSpec_Rfilt_sma_de[17]_meanFallingSlope;audSpec_Rfilt_sma_de[17]_stddevFallingSlope;audSpec_Rfilt_sma_de[18]_flatness;audSpec_Rfilt_sma_de[18]_posamean;audSpec_Rfilt_sma_de[18]_rqmean;audSpec_Rfilt_sma_de[18]_meanPeakDist;audSpec_Rfilt_sma_de[18]_peakDistStddev;audSpec_Rfilt_sma_de[18]_peakRangeAbs;audSpec_Rfilt_sma_de[18]_peakRangeRel;audSpec_Rfilt_sma_de[18]_peakMeanAbs;audSpec_Rfilt_sma_de[18]_peakMeanMeanDist;audSpec_Rfilt_sma_de[18]_peakMeanRel;audSpec_Rfilt_sma_de[18]_minRangeRel;audSpec_Rfilt_sma_de[18]_meanRisingSlope;audSpec_Rfilt_sma_de[18]_stddevRisingSlope;audSpec_Rfilt_sma_de[18]_meanFallingSlope;audSpec_Rfilt_sma_de[18]_stddevFallingSlope;audSpec_Rfilt_sma_de[19]_flatness;audSpec_Rfilt_sma_de[19]_posamean;audSpec_Rfilt_sma_de[19]_rqmean;audSpec_Rfilt_sma_de[19]_meanPeakDist;audSpec_Rfilt_sma_de[19]_peakDistStddev;audSpec_Rfilt_sma_de[19]_peakRangeAbs;audSpec_Rfilt_sma_de[19]_peakRangeRel;audSpec_Rfilt_sma_de[19]_peakMeanAbs;audSpec_Rfilt_sma_de[19]_peakMeanMeanDist;audSpec_Rfilt_sma_de[19]_peakMeanRel;audSpec_Rfilt_sma_de[19]_minRangeRel;audSpec_Rfilt_sma_de[19]_meanRisingSlope;audSpec_Rfilt_sma_de[19]_stddevRisingSlope;audSpec_Rfilt_sma_de[19]_meanFallingSlope;audSpec_Rfilt_sma_de[19]_stddevFallingSlope;audSpec_Rfilt_sma_de[20]_flatness;audSpec_Rfilt_sma_de[20]_posamean;audSpec_Rfilt_sma_de[20]_rqmean;audSpec_Rfilt_sma_de[20]_meanPeakDist;audSpec_Rfilt_sma_de[20]_peakDistStddev;audSpec_Rfilt_sma_de[20]_peakRangeAbs;audSpec_Rfilt_sma_de[20]_peakRangeRel;audSpec_Rfilt_sma_de[20]_peakMeanAbs;audSpec_Rfilt_sma_de[20]_peakMeanMeanDist;audSpec_Rfilt_sma_de[20]_peakMeanRel;audSpec_Rfilt_sma_de[20]_minRangeRel;audSpec_Rfilt_sma_de[20]_meanRisingSlope;audSpec_Rfilt_sma_de[20]_stddevRisingSlope;audSpec_Rfilt_sma_de[20]_meanFallingSlope;audSpec_Rfilt_sma_de[20]_stddevFallingSlope;audSpec_Rfilt_sma_de[21]_flatness;audSpec_Rfilt_sma_de[21]_posamean;audSpec_Rfilt_sma_de[21]_rqmean;audSpec_Rfilt_sma_de[21]_meanPeakDist;audSpec_Rfilt_sma_de[21]_peakDistStddev;audSpec_Rfilt_sma_de[21]_peakRangeAbs;audSpec_Rfilt_sma_de[21]_peakRangeRel;audSpec_Rfilt_sma_de[21]_peakMeanAbs;audSpec_Rfilt_sma_de[21]_peakMeanMeanDist;audSpec_Rfilt_sma_de[21]_peakMeanRel;audSpec_Rfilt_sma_de[21]_minRangeRel;audSpec_Rfilt_sma_de[21]_meanRisingSlope;audSpec_Rfilt_sma_de[21]_stddevRisingSlope;audSpec_Rfilt_sma_de[21]_meanFallingSlope;audSpec_Rfilt_sma_de[21]_stddevFallingSlope;audSpec_Rfilt_sma_de[22]_flatness;audSpec_Rfilt_sma_de[22]_posamean;audSpec_Rfilt_sma_de[22]_rqmean;audSpec_Rfilt_sma_de[22]_meanPeakDist;audSpec_Rfilt_sma_de[22]_peakDistStddev;audSpec_Rfilt_sma_de[22]_peakRangeAbs;audSpec_Rfilt_sma_de[22]_peakRangeRel;audSpec_Rfilt_sma_de[22]_peakMeanAbs;audSpec_Rfilt_sma_de[22]_peakMeanMeanDist;audSpec_Rfilt_sma_de[22]_peakMeanRel;audSpec_Rfilt_sma_de[22]_minRangeRel;audSpec_Rfilt_sma_de[22]_meanRisingSlope;audSpec_Rfilt_sma_de[22]_stddevRisingSlope;audSpec_Rfilt_sma_de[22]_meanFallingSlope;audSpec_Rfilt_sma_de[22]_stddevFallingSlope;audSpec_Rfilt_sma_de[23]_flatness;audSpec_Rfilt_sma_de[23]_posamean;audSpec_Rfilt_sma_de[23]_rqmean;audSpec_Rfilt_sma_de[23]_meanPeakDist;audSpec_Rfilt_sma_de[23]_peakDistStddev;audSpec_Rfilt_sma_de[23]_peakRangeAbs;audSpec_Rfilt_sma_de[23]_peakRangeRel;audSpec_Rfilt_sma_de[23]_peakMeanAbs;audSpec_Rfilt_sma_de[23]_peakMeanMeanDist;audSpec_Rfilt_sma_de[23]_peakMeanRel;audSpec_Rfilt_sma_de[23]_minRangeRel;audSpec_Rfilt_sma_de[23]_meanRisingSlope;audSpec_Rfilt_sma_de[23]_stddevRisingSlope;audSpec_Rfilt_sma_de[23]_meanFallingSlope;audSpec_Rfilt_sma_de[23]_stddevFallingSlope;audSpec_Rfilt_sma_de[24]_flatness;audSpec_Rfilt_sma_de[24]_posamean;audSpec_Rfilt_sma_de[24]_rqmean;audSpec_Rfilt_sma_de[24]_meanPeakDist;audSpec_Rfilt_sma_de[24]_peakDistStddev;audSpec_Rfilt_sma_de[24]_peakRangeAbs;audSpec_Rfilt_sma_de[24]_peakRangeRel;audSpec_Rfilt_sma_de[24]_peakMeanAbs;audSpec_Rfilt_sma_de[24]_peakMeanMeanDist;audSpec_Rfilt_sma_de[24]_peakMeanRel;audSpec_Rfilt_sma_de[24]_minRangeRel;audSpec_Rfilt_sma_de[24]_meanRisingSlope;audSpec_Rfilt_sma_de[24]_stddevRisingSlope;audSpec_Rfilt_sma_de[24]_meanFallingSlope;audSpec_Rfilt_sma_de[24]_stddevFallingSlope;audSpec_Rfilt_sma_de[25]_flatness;audSpec_Rfilt_sma_de[25]_posamean;audSpec_Rfilt_sma_de[25]_rqmean;audSpec_Rfilt_sma_de[25]_meanPeakDist;audSpec_Rfilt_sma_de[25]_peakDistStddev;audSpec_Rfilt_sma_de[25]_peakRangeAbs;audSpec_Rfilt_sma_de[25]_peakRangeRel;audSpec_Rfilt_sma_de[25]_peakMeanAbs;audSpec_Rfilt_sma_de[25]_peakMeanMeanDist;audSpec_Rfilt_sma_de[25]_peakMeanRel;audSpec_Rfilt_sma_de[25]_minRangeRel;audSpec_Rfilt_sma_de[25]_meanRisingSlope;audSpec_Rfilt_sma_de[25]_stddevRisingSlope;audSpec_Rfilt_sma_de[25]_meanFallingSlope;audSpec_Rfilt_sma_de[25]_stddevFallingSlope;pcm_fftMag_fband250-650_sma_de_flatness;pcm_fftMag_fband250-650_sma_de_posamean;pcm_fftMag_fband250-650_sma_de_rqmean;pcm_fftMag_fband250-650_sma_de_meanPeakDist;pcm_fftMag_fband250-650_sma_de_peakDistStddev;pcm_fftMag_fband250-650_sma_de_peakRangeAbs;pcm_fftMag_fband250-650_sma_de_peakRangeRel;pcm_fftMag_fband250-650_sma_de_peakMeanAbs;pcm_fftMag_fband250-650_sma_de_peakMeanMeanDist;pcm_fftMag_fband250-650_sma_de_peakMeanRel;pcm_fftMag_fband250-650_sma_de_minRangeRel;pcm_fftMag_fband250-650_sma_de_meanRisingSlope;pcm_fftMag_fband250-650_sma_de_stddevRisingSlope;pcm_fftMag_fband250-650_sma_de_meanFallingSlope;pcm_fftMag_fband250-650_sma_de_stddevFallingSlope;pcm_fftMag_fband1000-4000_sma_de_flatness;pcm_fftMag_fband1000-4000_sma_de_posamean;pcm_fftMag_fband1000-4000_sma_de_rqmean;pcm_fftMag_fband1000-4000_sma_de_meanPeakDist;pcm_fftMag_fband1000-4000_sma_de_peakDistStddev;pcm_fftMag_fband1000-4000_sma_de_peakRangeAbs;pcm_fftMag_fband1000-4000_sma_de_peakRangeRel;pcm_fftMag_fband1000-4000_sma_de_peakMeanAbs;pcm_fftMag_fband1000-4000_sma_de_peakMeanMeanDist;pcm_fftMag_fband1000-4000_sma_de_peakMeanRel;pcm_fftMag_fband1000-4000_sma_de_minRangeRel;pcm_fftMag_fband1000-4000_sma_de_meanRisingSlope;pcm_fftMag_fband1000-4000_sma_de_stddevRisingSlope;pcm_fftMag_fband1000-4000_sma_de_meanFallingSlope;pcm_fftMag_fband1000-4000_sma_de_stddevFallingSlope;pcm_fftMag_spectralRollOff25.0_sma_de_flatness;pcm_fftMag_spectralRollOff25.0_sma_de_posamean;pcm_fftMag_spectralRollOff25.0_sma_de_rqmean;pcm_fftMag_spectralRollOff25.0_sma_de_meanPeakDist;pcm_fftMag_spectralRollOff25.0_sma_de_peakDistStddev;pcm_fftMag_spectralRollOff25.0_sma_de_peakRangeAbs;pcm_fftMag_spectralRollOff25.0_sma_de_peakRangeRel;pcm_fftMag_spectralRollOff25.0_sma_de_peakMeanAbs;pcm_fftMag_spectralRollOff25.0_sma_de_peakMeanMeanDist;pcm_fftMag_spectralRollOff25.0_sma_de_peakMeanRel;pcm_fftMag_spectralRollOff25.0_sma_de_minRangeRel;pcm_fftMag_spectralRollOff25.0_sma_de_meanRisingSlope;pcm_fftMag_spectralRollOff25.0_sma_de_stddevRisingSlope;pcm_fftMag_spectralRollOff25.0_sma_de_meanFallingSlope;pcm_fftMag_spectralRollOff25.0_sma_de_stddevFallingSlope;pcm_fftMag_spectralRollOff50.0_sma_de_flatness;pcm_fftMag_spectralRollOff50.0_sma_de_posamean;pcm_fftMag_spectralRollOff50.0_sma_de_rqmean;pcm_fftMag_spectralRollOff50.0_sma_de_meanPeakDist;pcm_fftMag_spectralRollOff50.0_sma_de_peakDistStddev;pcm_fftMag_spectralRollOff50.0_sma_de_peakRangeAbs;pcm_fftMag_spectralRollOff50.0_sma_de_peakRangeRel;pcm_fftMag_spectralRollOff50.0_sma_de_peakMeanAbs;pcm_fftMag_spectralRollOff50.0_sma_de_peakMeanMeanDist;pcm_fftMag_spectralRollOff50.0_sma_de_peakMeanRel;pcm_fftMag_spectralRollOff50.0_sma_de_minRangeRel;pcm_fftMag_spectralRollOff50.0_sma_de_meanRisingSlope;pcm_fftMag_spectralRollOff50.0_sma_de_stddevRisingSlope;pcm_fftMag_spectralRollOff50.0_sma_de_meanFallingSlope;pcm_fftMag_spectralRollOff50.0_sma_de_stddevFallingSlope;pcm_fftMag_spectralRollOff75.0_sma_de_flatness;pcm_fftMag_spectralRollOff75.0_sma_de_posamean;pcm_fftMag_spectralRollOff75.0_sma_de_rqmean;pcm_fftMag_spectralRollOff75.0_sma_de_meanPeakDist;pcm_fftMag_spectralRollOff75.0_sma_de_peakDistStddev;pcm_fftMag_spectralRollOff75.0_sma_de_peakRangeAbs;pcm_fftMag_spectralRollOff75.0_sma_de_peakRangeRel;pcm_fftMag_spectralRollOff75.0_sma_de_peakMeanAbs;pcm_fftMag_spectralRollOff75.0_sma_de_peakMeanMeanDist;pcm_fftMag_spectralRollOff75.0_sma_de_peakMeanRel;pcm_fftMag_spectralRollOff75.0_sma_de_minRangeRel;pcm_fftMag_spectralRollOff75.0_sma_de_meanRisingSlope;pcm_fftMag_spectralRollOff75.0_sma_de_stddevRisingSlope;pcm_fftMag_spectralRollOff75.0_sma_de_meanFallingSlope;pcm_fftMag_spectralRollOff75.0_sma_de_stddevFallingSlope;pcm_fftMag_spectralRollOff90.0_sma_de_flatness;pcm_fftMag_spectralRollOff90.0_sma_de_posamean;pcm_fftMag_spectralRollOff90.0_sma_de_rqmean;pcm_fftMag_spectralRollOff90.0_sma_de_meanPeakDist;pcm_fftMag_spectralRollOff90.0_sma_de_peakDistStddev;pcm_fftMag_spectralRollOff90.0_sma_de_peakRangeAbs;pcm_fftMag_spectralRollOff90.0_sma_de_peakRangeRel;pcm_fftMag_spectralRollOff90.0_sma_de_peakMeanAbs;pcm_fftMag_spectralRollOff90.0_sma_de_peakMeanMeanDist;pcm_fftMag_spectralRollOff90.0_sma_de_peakMeanRel;pcm_fftMag_spectralRollOff90.0_sma_de_minRangeRel;pcm_fftMag_spectralRollOff90.0_sma_de_meanRisingSlope;pcm_fftMag_spectralRollOff90.0_sma_de_stddevRisingSlope;pcm_fftMag_spectralRollOff90.0_sma_de_meanFallingSlope;pcm_fftMag_spectralRollOff90.0_sma_de_stddevFallingSlope;pcm_fftMag_spectralFlux_sma_de_flatness;pcm_fftMag_spectralFlux_sma_de_posamean;pcm_fftMag_spectralFlux_sma_de_rqmean;pcm_fftMag_spectralFlux_sma_de_meanPeakDist;pcm_fftMag_spectralFlux_sma_de_peakDistStddev;pcm_fftMag_spectralFlux_sma_de_peakRangeAbs;pcm_fftMag_spectralFlux_sma_de_peakRangeRel;pcm_fftMag_spectralFlux_sma_de_peakMeanAbs;pcm_fftMag_spectralFlux_sma_de_peakMeanMeanDist;pcm_fftMag_spectralFlux_sma_de_peakMeanRel;pcm_fftMag_spectralFlux_sma_de_minRangeRel;pcm_fftMag_spectralFlux_sma_de_meanRisingSlope;pcm_fftMag_spectralFlux_sma_de_stddevRisingSlope;pcm_fftMag_spectralFlux_sma_de_meanFallingSlope;pcm_fftMag_spectralFlux_sma_de_stddevFallingSlope;pcm_fftMag_spectralCentroid_sma_de_flatness;pcm_fftMag_spectralCentroid_sma_de_posamean;pcm_fftMag_spectralCentroid_sma_de_rqmean;pcm_fftMag_spectralCentroid_sma_de_meanPeakDist;pcm_fftMag_spectralCentroid_sma_de_peakDistStddev;pcm_fftMag_spectralCentroid_sma_de_peakRangeAbs;pcm_fftMag_spectralCentroid_sma_de_peakRangeRel;pcm_fftMag_spectralCentroid_sma_de_peakMeanAbs;pcm_fftMag_spectralCentroid_sma_de_peakMeanMeanDist;pcm_fftMag_spectralCentroid_sma_de_peakMeanRel;pcm_fftMag_spectralCentroid_sma_de_minRangeRel;pcm_fftMag_spectralCentroid_sma_de_meanRisingSlope;pcm_fftMag_spectralCentroid_sma_de_stddevRisingSlope;pcm_fftMag_spectralCentroid_sma_de_meanFallingSlope;pcm_fftMag_spectralCentroid_sma_de_stddevFallingSlope;pcm_fftMag_spectralEntropy_sma_de_flatness;pcm_fftMag_spectralEntropy_sma_de_posamean;pcm_fftMag_spectralEntropy_sma_de_rqmean;pcm_fftMag_spectralEntropy_sma_de_meanPeakDist;pcm_fftMag_spectralEntropy_sma_de_peakDistStddev;pcm_fftMag_spectralEntropy_sma_de_peakRangeAbs;pcm_fftMag_spectralEntropy_sma_de_peakRangeRel;pcm_fftMag_spectralEntropy_sma_de_peakMeanAbs;pcm_fftMag_spectralEntropy_sma_de_peakMeanMeanDist;pcm_fftMag_spectralEntropy_sma_de_peakMeanRel;pcm_fftMag_spectralEntropy_sma_de_minRangeRel;pcm_fftMag_spectralEntropy_sma_de_meanRisingSlope;pcm_fftMag_spectralEntropy_sma_de_stddevRisingSlope;pcm_fftMag_spectralEntropy_sma_de_meanFallingSlope;pcm_fftMag_spectralEntropy_sma_de_stddevFallingSlope;pcm_fftMag_spectralVariance_sma_de_flatness;pcm_fftMag_spectralVariance_sma_de_posamean;pcm_fftMag_spectralVariance_sma_de_rqmean;pcm_fftMag_spectralVariance_sma_de_meanPeakDist;pcm_fftMag_spectralVariance_sma_de_peakDistStddev;pcm_fftMag_spectralVariance_sma_de_peakRangeAbs;pcm_fftMag_spectralVariance_sma_de_peakRangeRel;pcm_fftMag_spectralVariance_sma_de_peakMeanAbs;pcm_fftMag_spectralVariance_sma_de_peakMeanMeanDist;pcm_fftMag_spectralVariance_sma_de_peakMeanRel;pcm_fftMag_spectralVariance_sma_de_minRangeRel;pcm_fftMag_spectralVariance_sma_de_meanRisingSlope;pcm_fftMag_spectralVariance_sma_de_stddevRisingSlope;pcm_fftMag_spectralVariance_sma_de_meanFallingSlope;pcm_fftMag_spectralVariance_sma_de_stddevFallingSlope;pcm_fftMag_spectralSkewness_sma_de_flatness;pcm_fftMag_spectralSkewness_sma_de_posamean;pcm_fftMag_spectralSkewness_sma_de_rqmean;pcm_fftMag_spectralSkewness_sma_de_meanPeakDist;pcm_fftMag_spectralSkewness_sma_de_peakDistStddev;pcm_fftMag_spectralSkewness_sma_de_peakRangeAbs;pcm_fftMag_spectralSkewness_sma_de_peakRangeRel;pcm_fftMag_spectralSkewness_sma_de_peakMeanAbs;pcm_fftMag_spectralSkewness_sma_de_peakMeanMeanDist;pcm_fftMag_spectralSkewness_sma_de_peakMeanRel;pcm_fftMag_spectralSkewness_sma_de_minRangeRel;pcm_fftMag_spectralSkewness_sma_de_meanRisingSlope;pcm_fftMag_spectralSkewness_sma_de_stddevRisingSlope;pcm_fftMag_spectralSkewness_sma_de_meanFallingSlope;pcm_fftMag_spectralSkewness_sma_de_stddevFallingSlope;pcm_fftMag_spectralKurtosis_sma_de_flatness;pcm_fftMag_spectralKurtosis_sma_de_posamean;pcm_fftMag_spectralKurtosis_sma_de_rqmean;pcm_fftMag_spectralKurtosis_sma_de_meanPeakDist;pcm_fftMag_spectralKurtosis_sma_de_peakDistStddev;pcm_fftMag_spectralKurtosis_sma_de_peakRangeAbs;pcm_fftMag_spectralKurtosis_sma_de_peakRangeRel;pcm_fftMag_spectralKurtosis_sma_de_peakMeanAbs;pcm_fftMag_spectralKurtosis_sma_de_peakMeanMeanDist;pcm_fftMag_spectralKurtosis_sma_de_peakMeanRel;pcm_fftMag_spectralKurtosis_sma_de_minRangeRel;pcm_fftMag_spectralKurtosis_sma_de_meanRisingSlope;pcm_fftMag_spectralKurtosis_sma_de_stddevRisingSlope;pcm_fftMag_spectralKurtosis_sma_de_meanFallingSlope;pcm_fftMag_spectralKurtosis_sma_de_stddevFallingSlope;pcm_fftMag_spectralSlope_sma_de_flatness;pcm_fftMag_spectralSlope_sma_de_posamean;pcm_fftMag_spectralSlope_sma_de_rqmean;pcm_fftMag_spectralSlope_sma_de_meanPeakDist;pcm_fftMag_spectralSlope_sma_de_peakDistStddev;pcm_fftMag_spectralSlope_sma_de_peakRangeAbs;pcm_fftMag_spectralSlope_sma_de_peakRangeRel;pcm_fftMag_spectralSlope_sma_de_peakMeanAbs;pcm_fftMag_spectralSlope_sma_de_peakMeanMeanDist;pcm_fftMag_spectralSlope_sma_de_peakMeanRel;pcm_fftMag_spectralSlope_sma_de_minRangeRel;pcm_fftMag_spectralSlope_sma_de_meanRisingSlope;pcm_fftMag_spectralSlope_sma_de_stddevRisingSlope;pcm_fftMag_spectralSlope_sma_de_meanFallingSlope;pcm_fftMag_spectralSlope_sma_de_stddevFallingSlope;pcm_fftMag_psySharpness_sma_de_flatness;pcm_fftMag_psySharpness_sma_de_posamean;pcm_fftMag_psySharpness_sma_de_rqmean;pcm_fftMag_psySharpness_sma_de_meanPeakDist;pcm_fftMag_psySharpness_sma_de_peakDistStddev;pcm_fftMag_psySharpness_sma_de_peakRangeAbs;pcm_fftMag_psySharpness_sma_de_peakRangeRel;pcm_fftMag_psySharpness_sma_de_peakMeanAbs;pcm_fftMag_psySharpness_sma_de_peakMeanMeanDist;pcm_fftMag_psySharpness_sma_de_peakMeanRel;pcm_fftMag_psySharpness_sma_de_minRangeRel;pcm_fftMag_psySharpness_sma_de_meanRisingSlope;pcm_fftMag_psySharpness_sma_de_stddevRisingSlope;pcm_fftMag_psySharpness_sma_de_meanFallingSlope;pcm_fftMag_psySharpness_sma_de_stddevFallingSlope;pcm_fftMag_spectralHarmonicity_sma_de_flatness;pcm_fftMag_spectralHarmonicity_sma_de_posamean;pcm_fftMag_spectralHarmonicity_sma_de_rqmean;pcm_fftMag_spectralHarmonicity_sma_de_meanPeakDist;pcm_fftMag_spectralHarmonicity_sma_de_peakDistStddev;pcm_fftMag_spectralHarmonicity_sma_de_peakRangeAbs;pcm_fftMag_spectralHarmonicity_sma_de_peakRangeRel;pcm_fftMag_spectralHarmonicity_sma_de_peakMeanAbs;pcm_fftMag_spectralHarmonicity_sma_de_peakMeanMeanDist;pcm_fftMag_spectralHarmonicity_sma_de_peakMeanRel;pcm_fftMag_spectralHarmonicity_sma_de_minRangeRel;pcm_fftMag_spectralHarmonicity_sma_de_meanRisingSlope;pcm_fftMag_spectralHarmonicity_sma_de_stddevRisingSlope;pcm_fftMag_spectralHarmonicity_sma_de_meanFallingSlope;pcm_fftMag_spectralHarmonicity_sma_de_stddevFallingSlope;mfcc_sma_de[1]_flatness;mfcc_sma_de[1]_posamean;mfcc_sma_de[1]_rqmean;mfcc_sma_de[1]_meanPeakDist;mfcc_sma_de[1]_peakDistStddev;mfcc_sma_de[1]_peakRangeAbs;mfcc_sma_de[1]_peakRangeRel;mfcc_sma_de[1]_peakMeanAbs;mfcc_sma_de[1]_peakMeanMeanDist;mfcc_sma_de[1]_peakMeanRel;mfcc_sma_de[1]_minRangeRel;mfcc_sma_de[1]_meanRisingSlope;mfcc_sma_de[1]_stddevRisingSlope;mfcc_sma_de[1]_meanFallingSlope;mfcc_sma_de[1]_stddevFallingSlope;mfcc_sma_de[2]_flatness;mfcc_sma_de[2]_posamean;mfcc_sma_de[2]_rqmean;mfcc_sma_de[2]_meanPeakDist;mfcc_sma_de[2]_peakDistStddev;mfcc_sma_de[2]_peakRangeAbs;mfcc_sma_de[2]_peakRangeRel;mfcc_sma_de[2]_peakMeanAbs;mfcc_sma_de[2]_peakMeanMeanDist;mfcc_sma_de[2]_peakMeanRel;mfcc_sma_de[2]_minRangeRel;mfcc_sma_de[2]_meanRisingSlope;mfcc_sma_de[2]_stddevRisingSlope;mfcc_sma_de[2]_meanFallingSlope;mfcc_sma_de[2]_stddevFallingSlope;mfcc_sma_de[3]_flatness;mfcc_sma_de[3]_posamean;mfcc_sma_de[3]_rqmean;mfcc_sma_de[3]_meanPeakDist;mfcc_sma_de[3]_peakDistStddev;mfcc_sma_de[3]_peakRangeAbs;mfcc_sma_de[3]_peakRangeRel;mfcc_sma_de[3]_peakMeanAbs;mfcc_sma_de[3]_peakMeanMeanDist;mfcc_sma_de[3]_peakMeanRel;mfcc_sma_de[3]_minRangeRel;mfcc_sma_de[3]_meanRisingSlope;mfcc_sma_de[3]_stddevRisingSlope;mfcc_sma_de[3]_meanFallingSlope;mfcc_sma_de[3]_stddevFallingSlope;mfcc_sma_de[4]_flatness;mfcc_sma_de[4]_posamean;mfcc_sma_de[4]_rqmean;mfcc_sma_de[4]_meanPeakDist;mfcc_sma_de[4]_peakDistStddev;mfcc_sma_de[4]_peakRangeAbs;mfcc_sma_de[4]_peakRangeRel;mfcc_sma_de[4]_peakMeanAbs;mfcc_sma_de[4]_peakMeanMeanDist;mfcc_sma_de[4]_peakMeanRel;mfcc_sma_de[4]_minRangeRel;mfcc_sma_de[4]_meanRisingSlope;mfcc_sma_de[4]_stddevRisingSlope;mfcc_sma_de[4]_meanFallingSlope;mfcc_sma_de[4]_stddevFallingSlope;mfcc_sma_de[5]_flatness;mfcc_sma_de[5]_posamean;mfcc_sma_de[5]_rqmean;mfcc_sma_de[5]_meanPeakDist;mfcc_sma_de[5]_peakDistStddev;mfcc_sma_de[5]_peakRangeAbs;mfcc_sma_de[5]_peakRangeRel;mfcc_sma_de[5]_peakMeanAbs;mfcc_sma_de[5]_peakMeanMeanDist;mfcc_sma_de[5]_peakMeanRel;mfcc_sma_de[5]_minRangeRel;mfcc_sma_de[5]_meanRisingSlope;mfcc_sma_de[5]_stddevRisingSlope;mfcc_sma_de[5]_meanFallingSlope;mfcc_sma_de[5]_stddevFallingSlope;mfcc_sma_de[6]_flatness;mfcc_sma_de[6]_posamean;mfcc_sma_de[6]_rqmean;mfcc_sma_de[6]_meanPeakDist;mfcc_sma_de[6]_peakDistStddev;mfcc_sma_de[6]_peakRangeAbs;mfcc_sma_de[6]_peakRangeRel;mfcc_sma_de[6]_peakMeanAbs;mfcc_sma_de[6]_peakMeanMeanDist;mfcc_sma_de[6]_peakMeanRel;mfcc_sma_de[6]_minRangeRel;mfcc_sma_de[6]_meanRisingSlope;mfcc_sma_de[6]_stddevRisingSlope;mfcc_sma_de[6]_meanFallingSlope;mfcc_sma_de[6]_stddevFallingSlope;mfcc_sma_de[7]_flatness;mfcc_sma_de[7]_posamean;mfcc_sma_de[7]_rqmean;mfcc_sma_de[7]_meanPeakDist;mfcc_sma_de[7]_peakDistStddev;mfcc_sma_de[7]_peakRangeAbs;mfcc_sma_de[7]_peakRangeRel;mfcc_sma_de[7]_peakMeanAbs;mfcc_sma_de[7]_peakMeanMeanDist;mfcc_sma_de[7]_peakMeanRel;mfcc_sma_de[7]_minRangeRel;mfcc_sma_de[7]_meanRisingSlope;mfcc_sma_de[7]_stddevRisingSlope;mfcc_sma_de[7]_meanFallingSlope;mfcc_sma_de[7]_stddevFallingSlope;mfcc_sma_de[8]_flatness;mfcc_sma_de[8]_posamean;mfcc_sma_de[8]_rqmean;mfcc_sma_de[8]_meanPeakDist;mfcc_sma_de[8]_peakDistStddev;mfcc_sma_de[8]_peakRangeAbs;mfcc_sma_de[8]_peakRangeRel;mfcc_sma_de[8]_peakMeanAbs;mfcc_sma_de[8]_peakMeanMeanDist;mfcc_sma_de[8]_peakMeanRel;mfcc_sma_de[8]_minRangeRel;mfcc_sma_de[8]_meanRisingSlope;mfcc_sma_de[8]_stddevRisingSlope;mfcc_sma_de[8]_meanFallingSlope;mfcc_sma_de[8]_stddevFallingSlope;mfcc_sma_de[9]_flatness;mfcc_sma_de[9]_posamean;mfcc_sma_de[9]_rqmean;mfcc_sma_de[9]_meanPeakDist;mfcc_sma_de[9]_peakDistStddev;mfcc_sma_de[9]_peakRangeAbs;mfcc_sma_de[9]_peakRangeRel;mfcc_sma_de[9]_peakMeanAbs;mfcc_sma_de[9]_peakMeanMeanDist;mfcc_sma_de[9]_peakMeanRel;mfcc_sma_de[9]_minRangeRel;mfcc_sma_de[9]_meanRisingSlope;mfcc_sma_de[9]_stddevRisingSlope;mfcc_sma_de[9]_meanFallingSlope;mfcc_sma_de[9]_stddevFallingSlope;mfcc_sma_de[10]_flatness;mfcc_sma_de[10]_posamean;mfcc_sma_de[10]_rqmean;mfcc_sma_de[10]_meanPeakDist;mfcc_sma_de[10]_peakDistStddev;mfcc_sma_de[10]_peakRangeAbs;mfcc_sma_de[10]_peakRangeRel;mfcc_sma_de[10]_peakMeanAbs;mfcc_sma_de[10]_peakMeanMeanDist;mfcc_sma_de[10]_peakMeanRel;mfcc_sma_de[10]_minRangeRel;mfcc_sma_de[10]_meanRisingSlope;mfcc_sma_de[10]_stddevRisingSlope;mfcc_sma_de[10]_meanFallingSlope;mfcc_sma_de[10]_stddevFallingSlope;mfcc_sma_de[11]_flatness;mfcc_sma_de[11]_posamean;mfcc_sma_de[11]_rqmean;mfcc_sma_de[11]_meanPeakDist;mfcc_sma_de[11]_peakDistStddev;mfcc_sma_de[11]_peakRangeAbs;mfcc_sma_de[11]_peakRangeRel;mfcc_sma_de[11]_peakMeanAbs;mfcc_sma_de[11]_peakMeanMeanDist;mfcc_sma_de[11]_peakMeanRel;mfcc_sma_de[11]_minRangeRel;mfcc_sma_de[11]_meanRisingSlope;mfcc_sma_de[11]_stddevRisingSlope;mfcc_sma_de[11]_meanFallingSlope;mfcc_sma_de[11]_stddevFallingSlope;mfcc_sma_de[12]_flatness;mfcc_sma_de[12]_posamean;mfcc_sma_de[12]_rqmean;mfcc_sma_de[12]_meanPeakDist;mfcc_sma_de[12]_peakDistStddev;mfcc_sma_de[12]_peakRangeAbs;mfcc_sma_de[12]_peakRangeRel;mfcc_sma_de[12]_peakMeanAbs;mfcc_sma_de[12]_peakMeanMeanDist;mfcc_sma_de[12]_peakMeanRel;mfcc_sma_de[12]_minRangeRel;mfcc_sma_de[12]_meanRisingSlope;mfcc_sma_de[12]_stddevRisingSlope;mfcc_sma_de[12]_meanFallingSlope;mfcc_sma_de[12]_stddevFallingSlope;mfcc_sma_de[13]_flatness;mfcc_sma_de[13]_posamean;mfcc_sma_de[13]_rqmean;mfcc_sma_de[13]_meanPeakDist;mfcc_sma_de[13]_peakDistStddev;mfcc_sma_de[13]_peakRangeAbs;mfcc_sma_de[13]_peakRangeRel;mfcc_sma_de[13]_peakMeanAbs;mfcc_sma_de[13]_peakMeanMeanDist;mfcc_sma_de[13]_peakMeanRel;mfcc_sma_de[13]_minRangeRel;mfcc_sma_de[13]_meanRisingSlope;mfcc_sma_de[13]_stddevRisingSlope;mfcc_sma_de[13]_meanFallingSlope;mfcc_sma_de[13]_stddevFallingSlope;mfcc_sma_de[14]_flatness;mfcc_sma_de[14]_posamean;mfcc_sma_de[14]_rqmean;mfcc_sma_de[14]_meanPeakDist;mfcc_sma_de[14]_peakDistStddev;mfcc_sma_de[14]_peakRangeAbs;mfcc_sma_de[14]_peakRangeRel;mfcc_sma_de[14]_peakMeanAbs;mfcc_sma_de[14]_peakMeanMeanDist;mfcc_sma_de[14]_peakMeanRel;mfcc_sma_de[14]_minRangeRel;mfcc_sma_de[14]_meanRisingSlope;mfcc_sma_de[14]_stddevRisingSlope;mfcc_sma_de[14]_meanFallingSlope;mfcc_sma_de[14]_stddevFallingSlope
'unknown';0.000000;1.221248e+00;4.337350e-01;8.755020e-01;1.296019e-01;2.629612e-01;4.600684e-01;1.333593e-01;1.971072e-01;3.304665e-01;8.895473e-02;1.109526e+00;1.020571e+00;2.206295e-01;1.390075e+00;5.654718e+00;2.010000e-01;8.700000e-01;4.000000e-02;2.325704e-01;3.534136e-01;6.425703e-02;1.606426e-02;8.032128e-03;4.838710e-01;5.384616e-01;3.715533e-03;-1.605818e+00;8.424702e-01;1.732175e-02;-3.044120e-01;6.699199e-02;2.486344e+00;4.337350e-01;7.710843e-01;7.289700e-01;9.781197e-01;1.334526e+00;2.491497e-01;3.564063e-01;6.055560e-01;4.180942e-01;2.729731e+00;2.311637e+00;5.116368e-01;1.273189e+00;4.348819e+00;8.750000e-02;2.800000e-01;3.000000e-02;6.242853e-02;4.658635e-01;1.325301e-01;4.417671e-02;2.008032e-02;4.717742e-01;5.668016e-01;2.291902e-02;-1.631431e+00;7.178621e-01;1.724989e-01;-2.161861e-01;-3.157517e-02;9.460889e-02;4.297189e-01;9.236947e-02;4.372968e-03;8.686637e-03;1.923868e-02;4.313669e-03;1.055204e-02;1.486571e-02;2.865899e-03;8.714120e-02;8.427531e-02;1.540135e-02;2.733144e+00;1.260683e+01;1.709091e-01;9.800000e-01;3.000000e-02;2.649341e-01;1.365462e-01;3.614458e-02;2.008032e-02;1.204819e-02;4.959677e-01;5.384616e-01;4.454895e-06;-2.270045e+00;2.016134e+00;-8.643247e-01;1.609015e-01;-2.687911e-02;7.517361e-01;6.184739e-01;9.036145e-01;9.027778e-02;1.503472e-01;2.333333e-01;6.006943e-02;8.298612e-02;1.430556e-01;4.979166e-02;7.865139e-01;7.367222e-01;2.208626e-01;1.431594e+00;3.570163e+00;1.200000e-01;8.400000e-01;3.000000e-02;2.042757e-01;2.610442e-01;1.927711e-01;1.445783e-01;6.024097e-02;5.080645e-01;4.979757e-01;7.147138e-04;-1.646665e+00;4.233853e-01;2.726863e-01;1.383204e-01;-1.768515e-01;3.917738e-01;4.216867e-01;4.417671e-01;-2.629685e-02;4.688814e-04;2.404806e-02;2.676573e-02;2.357918e-02;5.034491e-02;-1.473544e-01;1.364227e-01;2.837771e-01;5.059874e-02;-2.844030e-01;6.031617e+00;1.983333e-01;8.200000e-01;4.000000e-02;2.255672e-01;9.879518e-01;8.353414e-01;1.164659e-01;2.409638e-02;5.483871e-01;4.858299e-01;1.895389e-04;-1.968404e+00;1.820280e+00;-6.055747e-01;-1.750918e-01;2.213647e-01;8.442627e-01;2.610442e-01;4.457831e-01;-7.450838e-02;-3.534138e-03;7.265496e-02;7.097425e-02;7.618910e-02;1.471633e-01;-3.781340e-01;3.445332e-01;7.226672e-01;1.391057e-01;-7.561598e-02;3.833755e+00;1.383333e-01;5.800000e-01;3.000000e-02;1.484456e-01;9.678715e-01;6.586345e-01;1.204819e-01;2.811245e-02;5.564516e-01;5.060729e-01;1.648190e-03;-1.779246e+00;1.271236e+00;-1.672438e-02;-4.382581e-01;2.476290e-01;3.764056e-02;4.176707e-01;4.417671e-01;-8.808071e-04;-1.191394e-07;1.007094e-03;8.806879e-04;1.007213e-03;1.887901e-03;-1.242020e-02;1.271283e-02;2.513304e-02;3.426266e-03;2.003630e-01;1.672526e+01;3.800000e-01;1.050000e+00;3.000000e-02;4.739198e-01;9.839357e-01;3.453815e-01;1.204819e-02;1.204819e-02;5.322581e-01;4.858299e-01;2.264216e-07;-2.707584e+00;3.429769e+00;-2.425265e+00;9.599237e-01;-1.468564e-01;2.036458e-01;3.333333e-01;4.016064e-01;-1.093750e-02;1.076389e-03;1.163195e-02;1.201389e-02;1.055556e-02;2.256944e-02;-9.796666e-02;9.114861e-02;1.891153e-01;3.451859e-02;-2.057857e-01;5.119942e+00;1.408333e-01;8.200000e-01;3.000000e-02;2.097800e-01;9.317269e-01;6.345382e-01;8.032128e-02;4.016064e-02;4.637097e-01;4.736842e-01;9.885080e-06;-2.592522e+00;2.569776e+00;-9.989593e-01;-3.104410e-02;1.007669e-01;1.986262e-01;3.399209e-01;5.256917e-01;1.018542e-01;1.252145e-01;1.497638e-01;2.336032e-02;2.454932e-02;4.790964e-02;7.433014e-02;2.572475e-01;1.829174e-01;4.252067e-02;1.260113e+00;4.289773e+00;8.413793e-02;2.400000e-01;3.000000e-02;4.831771e-02;5.533597e-01;1.422925e-01;7.509881e-02;2.371541e-02;4.761905e-01;5.418327e-01;2.148340e-04;-1.486339e+00;4.065814e-01;1.989031e-01;-8.046508e-03;-1.022021e-01;8.530774e-01;4.229249e-01;7.549407e-01;2.148010e-01;2.604502e-01;3.118376e-01;4.564925e-02;5.138737e-02;9.703662e-02;1.277569e-01;8.322248e-01;7.044680e-01;1.377102e-01;2.206392e+00;8.856473e+00;1.461539e-01;3.400000e-01;4.000000e-02;1.047002e-01;2.134387e-01;6.324111e-02;1.581028e-02;7.905139e-03;4.563492e-01;5.179283e-01;1.049025e-03;-1.660369e+00;6.086244e-01;2.285258e-01;-1.369112e-01;-2.879618e-02;1.167453e+00;4.229249e-01;7.549407e-01;3.276108e-01;3.776438e-01;4.955477e-01;5.003297e-02;1.179039e-01;1.679369e-01;1.787213e-01;1.193029e+00;1.014308e+00;2.127581e-01;1.762586e+00;6.083203e+00;1.140909e-01;4.900000e-01;3.000000e-02;1.098205e-01;3.438735e-01;1.185771e-01;3.557312e-02;1.185771e-02;5.198413e-01;5.418327e-01;2.859243e-03;-1.642301e+00;5.775885e-01;2.237584e-01;-5.920935e-02;-8.807547e-02;2.410451e+00;4.229249e-01;7.588933e-01;4.052480e-01;5.119637e-01;6.801581e-01;1.067157e-01;1.681945e-01;2.749102e-01;2.360373e-01;2.266974e+00;2.030937e+00;3.753825e-01;2.529892e+00;1.093904e+01;1.518750e-01;6.000000e-01;3.000000e-02;1.697873e-01;1.739130e-01;5.533597e-02;1.581028e-02;1.185771e-02;4.682540e-01;5.617530e-01;7.862864e-03;-1.806564e+00;9.042218e-01;1.303565e-01;-2.046315e-01;-6.935637e-03;5.069769e+00;4.229249e-01;7.826087e-01;4.524610e-01;6.147397e-01;8.748865e-01;1.622787e-01;2.601468e-01;4.224255e-01;2.570471e-01;4.382348e+00;4.125300e+00;6.845499e-01;3.768210e+00;2.068824e+01;2.657143e-01;8.300000e-01;4.000000e-02;3.042957e-01;8.300395e-02;2.371541e-02;1.185771e-02;7.905139e-03;4.722222e-01;5.856574e-01;1.537490e-02;-2.003386e+00;1.220503e+00;5.594450e-02;-3.073495e-01;5.486228e-02;8.570419e+00;4.229249e-01;5.335968e-01;5.564113e-01;6.966000e-01;9.256168e-01;1.401886e-01;2.290168e-01;3.692055e-01;2.676159e-01;7.152431e+00;6.884815e+00;1.085790e+00;4.831824e+00;3.005509e+01;3.680000e-01;8.400000e-01;5.000000e-02;3.261533e-01;5.533597e-02;2.371541e-02;1.581028e-02;7.905139e-03;4.563492e-01;5.896415e-01;2.781357e-02;-2.166364e+00;1.516117e+00;-1.445371e-02;-4.556086e-01;1.448816e-01;5.521470e+00;4.268775e-01;5.335968e-01;6.140782e-01;8.136128e-01;1.071707e+00;1.995345e-01;2.580938e-01;4.576283e-01;2.886153e-01;4.980520e+00;4.691905e+00;7.436736e-01;3.937302e+00;2.205443e+01;2.642857e-01;6.900000e-01;3.000000e-02;2.717066e-01;7.905138e-02;2.371541e-02;1.581028e-02;1.185771e-02;4.484127e-01;5.577689e-01;2.239199e-02;-1.876712e+00;9.620277e-01;2.214260e-01;-3.152893e-01;2.688396e-02;3.775134e+00;4.268775e-01;7.588933e-01;6.622172e-01;8.931010e-01;1.126944e+00;2.308838e-01;2.338431e-01;4.647270e-01;3.962037e-01;3.611807e+00;3.215603e+00;5.497502e-01;2.903414e+00;1.462393e+01;2.091667e-01;6.700000e-01;3.000000e-02;2.539179e-01;1.699605e-01;3.162055e-02;1.581028e-02;7.905139e-03;4.722222e-01;5.697211e-01;2.179218e-02;-1.730152e+00;7.998713e-01;1.947533e-01;-2.346923e-01;-1.432893e-02;3.602609e+00;4.268775e-01;7.588933e-01;6.883572e-01;9.364734e-01;1.230731e+00;2.481162e-01;2.942573e-01;5.423735e-01;4.295761e-01;3.545053e+00;3.115477e+00;5.509927e-01;2.465225e+00;1.162435e+01;1.394444e-01;5.400000e-01;3.000000e-02;1.443173e-01;2.332016e-01;3.952569e-02;1.976285e-02;1.185771e-02;4.920635e-01;5.458167e-01;2.686526e-02;-1.640839e+00;6.893624e-01;1.846017e-01;-1.751666e-01;-4.243959e-02;3.568717e+00;4.268775e-01;7.549407e-01;7.344263e-01;9.828085e-01;1.415132e+00;2.483822e-01;4.323239e-01;6.807061e-01;4.387237e-01;3.499686e+00;3.060962e+00;5.764255e-01;1.895548e+00;8.264940e+00;1.255000e-01;5.000000e-01;3.000000e-02;1.220031e-01;2.964427e-01;4.743083e-02;1.581028e-02;7.905139e-03;5.158730e-01;5.697211e-01;4.161660e-02;-1.602753e+00;6.805518e-01;1.963140e-01;-2.409249e-01;-1.425304e-02;3.292819e+00;4.268775e-01;7.509881e-01;7.814052e-01;1.067916e+00;1.411228e+00;2.865108e-01;3.433123e-01;6.298231e-01;4.817031e-01;3.314623e+00;2.832920e+00;5.621342e-01;1.708461e+00;6.908239e+00;1.004000e-01;3.200000e-01;3.000000e-02;8.678617e-02;3.557312e-01;7.509881e-02;2.371541e-02;1.185771e-02;5.277778e-01;5.657371e-01;4.376066e-02;-1.597437e+00;6.710966e-01;1.893097e-01;-2.256141e-01;-1.846586e-02;4.830893e+00;4.268775e-01;7.509881e-01;8.241737e-01;1.103666e+00;1.532861e+00;2.794927e-01;4.291949e-01;7.086876e-01;4.518534e-01;4.359305e+00;3.907452e+00;6.983847e-01;2.565002e+00;1.259182e+01;1.394444e-01;5.600000e-01;3.000000e-02;1.531329e-01;2.134387e-01;3.162055e-02;1.581028e-02;7.905139e-03;5.039682e-01;5.577689e-01;4.774078e-02;-1.676223e+00;7.484670e-01;1.986353e-01;-2.411338e-01;-1.049695e-02;4.084062e+00;4.268775e-01;7.588933e-01;8.760285e-01;1.161924e+00;1.686609e+00;2.858950e-01;5.246857e-01;8.105808e-01;5.063050e-01;3.807324e+00;3.301019e+00;6.763809e-01;1.681748e+00;6.839909e+00;1.045833e-01;3.400000e-01;3.000000e-02;9.092025e-02;3.162055e-01;5.928854e-02;1.581028e-02;7.905139e-03;4.920635e-01;5.577689e-01;4.182323e-02;-1.790757e+00;9.679109e-01;1.251285e-01;-3.407390e-01;5.491322e-02;3.440995e+00;4.308300e-01;8.379447e-01;8.943241e-01;1.272837e+00;1.667799e+00;3.785127e-01;3.949618e-01;7.734745e-01;4.812952e-01;3.460187e+00;2.978892e+00;6.673647e-01;1.153703e+00;4.140601e+00;9.296296e-02;3.200000e-01;3.000000e-02;7.854298e-02;4.861660e-01;1.422925e-01;2.371541e-02;7.905139e-03;4.960317e-01;5.498008e-01;4.444361e-02;-1.769953e+00;9.482285e-01;1.366331e-01;-3.641877e-01;6.492381e-02;3.149505e+00;4.308300e-01;8.418972e-01;9.393304e-01;1.247848e+00;1.789519e+00;3.085179e-01;5.416706e-01;8.501884e-01;5.029333e-01;3.373150e+00;2.870217e+00;6.977808e-01;1.096118e+00;3.643811e+00;7.575757e-02;3.200000e-01;3.000000e-02;6.120162e-02;4.980237e-01;1.581028e-01;5.928854e-02;2.371541e-02;5.000000e-01;5.737052e-01;4.492847e-02;-1.695977e+00;8.163956e-01;1.832468e-01;-3.218765e-01;3.192030e-02;3.937868e+00;3.478261e-01;8.418972e-01;9.530703e-01;1.337563e+00;1.973059e+00;3.844922e-01;6.354961e-01;1.019988e+00;5.121334e-01;4.062054e+00;3.549920e+00;8.033492e-01;1.292833e+00;4.412943e+00;8.064516e-02;3.100000e-01;3.000000e-02;5.791738e-02;4.268775e-01;1.264822e-01;4.347826e-02;1.581028e-02;5.000000e-01;5.737052e-01;5.226382e-02;-1.697839e+00;8.262348e-01;1.642512e-01;-3.040296e-01;2.503491e-02;3.861390e+00;3.478261e-01;8.379447e-01;9.809561e-01;1.357712e+00;2.012865e+00;3.767556e-01;6.551536e-01;1.031909e+00;5.313767e-01;3.987987e+00;3.456610e+00;7.716429e-01;1.192019e+00;4.224740e+00;8.064516e-02;2.800000e-01;3.000000e-02;5.494487e-02;4.901186e-01;1.541502e-01;3.557312e-02;1.976285e-02;4.960317e-01;5.617530e-01;4.789886e-02;-1.706504e+00;8.289086e-01;1.854184e-01;-3.234277e-01;2.797509e-02;3.994200e+00;3.833992e-01;8.379447e-01;1.012651e+00;1.425859e+00;2.013219e+00;4.132084e-01;5.873599e-01;1.000568e+00;5.553589e-01;4.098713e+00;3.543354e+00;7.792858e-01;1.226552e+00;4.492177e+00;7.843750e-02;2.200000e-01;3.000000e-02;5.350873e-02;4.545455e-01;1.106719e-01;3.952569e-02;1.185771e-02;4.722222e-01;5.816733e-01;5.788383e-02;-1.657763e+00;7.996755e-01;1.488557e-01;-2.708704e-01;-7.060870e-03;4.201043e+00;3.438735e-01;7.588933e-01;9.783567e-01;1.435525e+00;2.030671e+00;4.571684e-01;5.951463e-01;1.052315e+00;5.620376e-01;4.113794e+00;3.551756e+00;8.112946e-01;1.211519e+00;4.533038e+00;8.064516e-02;2.300000e-01;3.000000e-02;5.639352e-02;4.268775e-01;1.027668e-01;3.162055e-02;7.905139e-03;4.722222e-01;5.976096e-01;6.915687e-02;-1.705552e+00;9.000582e-01;1.234626e-01;-3.150742e-01;1.195385e-02;4.100877e+00;3.438735e-01;7.549407e-01;9.305079e-01;1.423001e+00;2.041811e+00;4.924933e-01;6.188101e-01;1.111303e+00;4.926178e-01;3.968420e+00;3.475802e+00;8.151900e-01;1.024392e+00;3.782910e+00;9.999999e-02;2.700000e-01;3.000000e-02;6.968500e-02;4.664032e-01;1.304348e-01;1.976285e-02;1.185771e-02;4.761905e-01;5.697211e-01;6.317908e-02;-1.752241e+00;9.781604e-01;9.676096e-02;-3.625819e-01;5.463301e-02;3.519659e+00;3.478261e-01;7.549407e-01;9.176783e-01;1.358746e+00;1.893249e+00;4.410679e-01;5.345025e-01;9.755704e-01;4.752701e-01;3.600000e+00;3.124730e+00;7.455058e-01;9.935920e-01;3.546530e+00;8.333333e-02;2.300000e-01;3.000000e-02;4.692784e-02;5.296443e-01;1.620553e-01;5.533597e-02;1.185771e-02;4.523810e-01;5.896415e-01;5.839294e-02;-1.732148e+00;9.442908e-01;1.004908e-01;-3.406348e-01;4.341873e-02;4.668308e+00;3.478261e-01;6.679842e-01;8.042167e-01;1.195222e+00;1.695750e+00;3.910049e-01;5.005282e-01;8.915331e-01;4.357136e-01;4.520799e+00;4.085085e+00;8.942187e-01;1.716068e+00;6.139781e+00;1.195238e-01;3.600000e-01;3.000000e-02;8.437310e-02;3.043478e-01;8.695652e-02;2.766798e-02;1.185771e-02;4.722222e-01;5.737052e-01;5.825367e-02;-1.750213e+00;9.347588e-01;1.364739e-01;-3.961960e-01;9.276026e-02;5.753039e+00;3.478261e-01;6.877471e-01;6.562877e-01;1.013961e+00;1.594174e+00;3.576736e-01;5.802126e-01;9.378862e-01;3.046148e-01;5.304927e+00;5.000312e+00;9.820967e-01;2.264481e+00;9.161314e+00;1.568750e-01;8.200000e-01;3.000000e-02;2.012374e-01;2.094862e-01;6.719368e-02;2.371541e-02;1.185771e-02;4.325397e-01;5.737052e-01;4.337347e-02;-1.911474e+00;1.183928e+00;4.130065e-02;-4.239606e-01;1.273366e-01;4.358207e+00;3.478261e-01;6.877471e-01;5.383765e-01;8.296906e-01;1.405227e+00;2.913141e-01;5.755365e-01;8.668507e-01;2.758535e-01;4.111507e+00;3.835654e+00;7.722344e-01;1.860332e+00;7.260612e+00;1.321053e-01;7.400000e-01;4.000000e-02;1.623699e-01;2.727273e-01;5.928854e-02;1.976285e-02;1.185771e-02;4.444444e-01;5.776892e-01;3.284327e-02;-1.869317e+00;1.110198e+00;8.001840e-02;-4.333342e-01;1.317050e-01;4.174747e+00;3.478261e-01;7.549407e-01;4.380839e-01;6.601649e-01;1.165582e+00;2.220810e-01;5.054169e-01;7.274979e-01;1.877235e-01;3.825288e+00;3.637564e+00;7.274677e-01;1.954656e+00;7.632787e+00;1.476471e-01;7.600000e-01;3.000000e-02;1.741037e-01;2.411067e-01;5.533597e-02;1.976285e-02;7.905139e-03;4.563492e-01;5.657371e-01;2.931797e-02;-1.796486e+00;9.614429e-01;1.573569e-01;-4.062076e-01;1.051979e-01;2.612635e+00;3.478261e-01;7.588933e-01;3.627742e-01;5.607193e-01;9.458082e-01;1.979450e-01;3.850889e-01;5.830339e-01;1.775109e-01;2.525166e+00;2.347655e+00;5.170298e-01;1.561723e+00;5.360442e+00;1.388889e-01;7.300000e-01;3.000000e-02;1.622032e-01;3.003953e-01;9.486166e-02;2.766798e-02;1.581028e-02;4.365079e-01;5.856574e-01;1.937400e-02;-1.727411e+00;8.859125e-01;1.402479e-01;-3.502102e-01;7.308695e-02;1.054555e+00;4.229249e-01;2.450593e-01;3.175426e-04;6.996489e-04;4.231233e-03;3.821063e-04;3.531584e-03;3.913690e-03;1.289554e-04;8.312084e-01;8.310794e-01;1.286498e-01;5.923966e+00;3.985797e+01;5.550000e-01;1.060000e+00;5.000000e-02;5.050000e-01;2.766798e-02;1.976285e-02;1.185771e-02;3.952569e-03;4.523810e-01;5.338646e-01;7.694080e-04;-1.693618e+00;5.098515e-01;7.933214e-01;-6.848388e-01;1.502362e-01;7.559356e-02;4.268775e-01;8.339921e-01;6.449273e-05;5.538620e-04;3.014374e-03;4.893692e-04;2.460512e-03;2.949881e-03;1.381468e-05;5.757674e-02;5.756292e-02;1.007299e-02;4.704597e+00;2.657738e+01;2.420000e-01;9.800000e-01;4.000000e-02;3.693995e-01;4.743083e-02;2.766798e-02;1.185771e-02;3.952569e-03;4.682540e-01;5.378486e-01;2.082996e-05;-1.249051e+00;2.819118e-01;4.960104e-01;-4.419682e-01;4.319024e-02;6.354167e+03;6.086956e-01;1.304348e-01;125;2.187500e+02;750;9.375000e+01;5.312500e+02;625;6.250000e+01;6.374167e+03;6.311667e+03;1.959305e+03;1.723331e+00;4.315383e+00;1.383333e-01;8.800000e-01;3.000000e-02;2.281751e-01;2.015810e-01;1.620553e-01;1.264822e-01;5.928854e-02;4.365079e-01;4.820717e-01;1.094390e+05;-1.753536e+00;8.469005e-01;2.192170e-01;-5.122873e-01;2.311210e-01;6625;6.403162e-01;8.616601e-01;1.875000e+02;375;2.104167e+03;1.875000e+02;1.729167e+03;1.916667e+03;9.375000e+01;6.645417e+03;6.551667e+03;2.267696e+03;1.307095e+00;3.088295e+00;1.464706e-01;3.500000e-01;3.000000e-02;9.688933e-02;3.162055e-01;2.055336e-01;1.699605e-01;1.264822e-01;4.642857e-01;4.940239e-01;3.193664e+05;-1.549673e+00;4.930795e-01;5.712920e-01;-7.654228e-01;2.910979e-01;7500;6.442688e-01;8.339921e-01;2.812500e+02;9.270833e+02;3.802083e+03;6.458333e+02;2875;3.520833e+03;1.616667e+02;7.421250e+03;7.259583e+03;2.514874e+03;9.487582e-01;2.375450e+00;8.892857e-02;2.800000e-01;3.000000e-02;7.092951e-02;4.150198e-01;2.490119e-01;1.818182e-01;1.067194e-01;4.801587e-01;5.059761e-01;5.617628e+05;-1.572688e+00;5.909433e-01;5.297849e-01;-7.828307e-01;2.775365e-01;7.729167e+03;6.442688e-01;8.616601e-01;4.895833e+02;2.270833e+03;5.197917e+03;1.781250e+03;2.927083e+03;4.708333e+03;2.395833e+02;7885;7.645417e+03;2.730437e+03;5.071391e-01;1.749472e+00;7.666666e-02;2.700000e-01;3.000000e-02;5.595814e-02;5.296443e-01;3.675889e-01;2.213439e-01;1.541502e-01;4.960317e-01;4.860558e-01;7.116047e+05;-1.736022e+00;9.203151e-01;3.091618e-01;-7.111533e-01;2.569975e-01;5.495930e-01;4.268775e-01;0;3.252323e-02;7.446015e-02;1.433626e-01;4.193692e-02;6.890240e-02;1.108393e-01;1.575519e-02;4.510405e-01;4.352853e-01;9.418720e-02;1.960265e+00;7.914657e+00;2.177778e-01;9.400000e-01;4.000000e-02;2.598623e-01;2.332016e-01;5.928854e-02;1.185771e-02;1.185771e-02;4.761905e-01;5.378486e-01;7.814222e-04;-1.366730e+00;2.757051e-01;6.173879e-01;-6.202466e-01;1.178695e-01;6.282578e+03;6.126482e-01;8.616601e-01;3.930139e+02;8.519087e+02;2.358535e+03;4.588947e+02;1.506626e+03;1.965521e+03;1.679692e+02;6.410354e+03;6.242385e+03;1.991058e+03;1.232083e+00;3.063536e+00;9.576923e-02;3.100000e-01;3.000000e-02;8.143770e-02;3.636364e-01;2.055336e-01;1.541502e-01;1.027668e-01;4.841270e-01;5.219123e-01;1.890761e+05;-1.765846e+00;8.855100e-01;3.459170e-01;-7.366900e-01;3.016859e-01;4.062741e+00;3.794466e-01;8.616601e-01;3.705282e+00;4.404250e+00;5.648753e+00;6.989675e-01;1.244503e+00;1.943470e+00;2.894670e+00;6.774770e+00;3.880101e+00;1.122591e+00;2.562738e-01;1.793695e+00;7.171428e-02;2.000000e-01;3.000000e-02;4.010598e-02;7.430830e-01;4.189723e-01;2.094862e-01;6.719368e-02;5.000000e-01;5.059761e-01;3.559793e-01;-1.393498e+00;4.655533e-01;1.571822e-01;-1.563247e-01;-6.452741e-02;8.029806e+06;9.841897e-01;4.189723e-01;5.713749e+05;2.017911e+06;3.822644e+06;1.446536e+06;1.804733e+06;3251269;1.459185e+05;7546065;7.400146e+06;2.009078e+06;7.398435e-01;2.599443e+00;7.027777e-02;2.500000e-01;3.000000e-02;4.815981e-02;4.861660e-01;2.094862e-01;5.533597e-02;1.976285e-02;4.841270e-01;5.298805e-01;677776982016;-1.652480e+00;8.467239e-01;2.662066e-01;-5.489833e-01;1.472950e-01;1.859848e+01;8.616601e-01;6.166008e-01;1.338583e+00;4.747592e+00;8.020694e+00;3.409010e+00;3.273101e+00;6.682111e+00;-2.892556e+00;1.352230e+01;1.641486e+01;4.347545e+00;4.013347e-02;2.131009e+00;1.255000e-01;6.100000e-01;3.000000e-02;1.241964e-01;7.154150e-01;4.031621e-01;6.719368e-02;1.185771e-02;5.317460e-01;5.219123e-01;2.179145e+00;-1.588088e+00;7.133311e-01;3.653886e-01;-6.493779e-01;2.004249e-01;3.027201e+02;8.616601e-01;9.841897e-01;9.061868e+00;3.662300e+01;8.885096e+01;2.756113e+01;5.222796e+01;7.978909e+01;1.979809e+00;2.579594e+02;2.559796e+02;5.940132e+01;1.432580e+00;5.072056e+00;1.029167e-01;4.600000e-01;3.000000e-02;9.947692e-02;2.964427e-01;8.300395e-02;2.371541e-02;7.905139e-03;5.277778e-01;5.219123e-01;7.266889e+02;-1.379923e+00;4.227883e-01;5.422760e-01;-6.862534e-01;1.729770e-01;2.163901e-01;6.166008e-01;4.229249e-01;-1.056191e-03;-3.753472e-04;-1.468710e-04;6.808440e-04;2.284762e-04;9.093201e-04;-1.600261e-01;1.270401e-02;1.727301e-01;2.592201e-02;-5.308714e+00;3.393127e+01;3.700000e-01;1.050000e+00;3.000000e-02;4.209038e-01;9.841897e-01;9.762846e-01;9.446641e-01;8.853755e-01;5.436508e-01;4.701195e-01;2.248293e-05;-1.802859e+00;6.388848e-01;8.309260e-01;-8.114806e-01;2.081856e-01;4.345987e+00;6.284585e-01;8.616601e-01;3.698872e-01;6.811311e-01;1.616217e+00;3.112439e-01;9.350862e-01;1.246330e+00;1.630677e-01;4.460179e+00;4.297112e+00;1.349405e+00;1.253742e+00;3.126183e+00;9.576923e-02;3.100000e-01;3.000000e-02;8.143770e-02;3.557312e-01;2.015810e-01;1.541502e-01;9.486166e-02;4.880952e-01;5.219123e-01;8.574970e-02;-1.762303e+00;8.779958e-01;3.392465e-01;-7.163417e-01;2.892585e-01;4.818969e-01;4.229249e-01;1.304348e-01;4.140571e-04;1.957616e-03;1.208245e-02;1.543559e-03;1.012484e-02;1.166840e-02;1.495068e-04;3.815197e-01;3.813702e-01;5.907709e-02;5.863379e+00;3.978996e+01;5.550000e-01;1.060000e+00;5.000000e-02;5.050000e-01;2.766798e-02;1.976285e-02;1.185771e-02;7.905139e-03;5.000000e-01;4.940239e-01;1.138701e-04;-1.942538e+00;1.008281e+00;5.085397e-01;-7.259853e-01;2.095771e-01;4.955223e+01;4.822134e-01;6.245059e-01;1.930635e+00;1.161355e+01;1.749142e+01;9.682914e+00;5.877874e+00;1.556079e+01;-1.833080e+01;2.943979e+01;4.777058e+01;1.223956e+01;-6.799000e-01;2.502421e+00;9.666667e-02;3.500000e-01;3.000000e-02;7.289643e-02;8.379447e-01;6.561265e-01;2.371542e-01;2.766798e-02;5.039682e-01;5.059761e-01;1.192961e+01;-1.681413e+00;8.683490e-01;1.909008e-01;-5.040663e-01;1.802476e-01;4.007764e+01;5.573123e-01;7.905138e-01;1.717347e+01;2.049602e+01;2.349971e+01;3.322552e+00;3.003691e+00;6.326242e+00;1.591799e+00;3.452779e+01;3.293600e+01;6.172471e+00;-6.327229e-01;4.450838e+00;1.569231e-01;8.500000e-01;3.000000e-02;2.125083e-01;9.644269e-01;8.142292e-01;1.067194e-01;1.976285e-02;5.158730e-01;5.059761e-01;9.368889e+00;-1.309737e+00;3.618005e-01;2.501645e-01;-3.484952e-01;5.785898e-02;3.431671e+01;4.940712e-01;4.466403e-01;-1.014553e+00;5.193896e+00;1.079807e+01;6.208449e+00;5.604173e+00;1.181262e+01;-1.258698e+01;1.934276e+01;3.192974e+01;7.838118e+00;-2.712860e-01;2.256901e+00;7.843750e-02;3.100000e-01;3.000000e-02;6.500526e-02;8.458498e-01;5.415020e-01;1.936759e-01;2.371541e-02;4.841270e-01;5.019920e-01;6.901307e+00;-1.563176e+00;6.748791e-01;4.249061e-01;-6.945522e-01;2.315624e-01;4.760274e+01;5.810277e-01;4.545455e-01;5.148448e+00;1.059484e+01;1.440180e+01;5.446390e+00;3.806959e+00;9.253349e+00;-1.663181e+01;2.091604e+01;3.754784e+01;7.978662e+00;-1.108924e+00;4.564375e+00;8.857142e-02;3.600000e-01;3.000000e-02;7.390700e-02;9.723320e-01;8.260869e-01;2.766798e-01;7.905139e-03;5.119048e-01;5.338646e-01;9.498002e+00;-1.470249e+00;4.879450e-01;4.601125e-01;-5.795983e-01;1.505585e-01;6.450542e+01;1.225296e-01;7.193676e-01;-4.739239e+00;2.822320e+00;9.154977e+00;7.561559e+00;6.332657e+00;1.389422e+01;-3.159228e+01;2.359926e+01;5.519154e+01;1.148334e+01;-7.328494e-01;3.722853e+00;1.383333e-01;1.050000e+00;3.000000e-02;2.248024e-01;9.565217e-01;7.588933e-01;2.213439e-01;3.162055e-02;5.357143e-01;5.019920e-01;1.260931e+01;-1.351536e+00;3.692859e-01;4.413315e-01;-5.501993e-01;1.576318e-01;6.632438e+01;1.225296e-01;4.822134e-01;-8.816935e+00;7.648754e-01;5.650888e+00;9.581810e+00;4.886013e+00;1.446782e+01;-4.192854e+01;1.651170e+01;5.844023e+01;1.188285e+01;-1.162901e+00;4.480691e+00;9.538461e-02;4.400000e-01;3.000000e-02;8.115659e-02;9.604743e-01;8.063241e-01;3.162055e-01;2.371541e-02;5.039682e-01;4.980080e-01;1.294990e+01;-1.529561e+00;6.350392e-01;3.744868e-01;-6.860317e-01;2.984420e-01;4.386708e+01;4.743083e-02;4.901186e-01;-9.848098e+00;-3.377064e+00;2.223747e+00;6.471034e+00;5.600811e+00;1.207184e+01;-2.755677e+01;1.493065e+01;4.248742e+01;9.079041e+00;-3.033554e-01;2.968497e+00;1.023810e-01;4.800000e-01;3.000000e-02;1.111372e-01;9.209486e-01;6.245059e-01;1.541502e-01;4.347826e-02;5.198413e-01;5.099602e-01;1.333632e+01;-1.329624e+00;3.333263e-01;5.057598e-01;-5.157305e-01;1.089130e-01;4.923454e+01;6.916996e-01;5.770751e-01;-3.523357e+00;1.801793e+00;7.359300e+00;5.325150e+00;5.557508e+00;1.088266e+01;-1.709874e+01;2.248944e+01;3.958818e+01;8.464073e+00;1.074515e-01;3.229346e+00;1.187500e-01;6.800000e-01;3.000000e-02;1.557993e-01;8.616601e-01;3.201581e-01;3.162055e-02;7.905139e-03;5.000000e-01;4.860558e-01;1.173379e+01;-1.279072e+00;2.615112e-01;5.365968e-01;-6.207950e-01;2.627875e-01;3.438968e+01;4.466403e-01;6.561265e-01;-5.800581e+00;-1.655813e+00;3.450355e+00;4.144768e+00;5.106168e+00;9.250937e+00;-1.460395e+01;1.399242e+01;2.859637e+01;6.671371e+00;1.526922e-01;2.645060e+00;1.013043e-01;3.600000e-01;3.000000e-02;8.512418e-02;9.249012e-01;5.138340e-01;1.225296e-01;3.557312e-02;5.039682e-01;5.019920e-01;1.000771e+01;-1.218400e+00;2.667300e-01;5.489917e-01;-5.911049e-01;1.819927e-01;3.502723e+01;8.616601e-01;0;-5.182498e+00;-1.232070e+00;2.937438e+00;3.950428e+00;4.169508e+00;8.119936e+00;-1.638423e+01;1.216203e+01;2.854626e+01;6.536784e+00;-6.110116e-02;2.803030e+00;1.185714e-01;5.300000e-01;3.000000e-02;1.374698e-01;9.328063e-01;5.573123e-01;1.185771e-01;2.371541e-02;4.880952e-01;4.780877e-01;1.155872e+01;-1.184266e+00;3.449446e-01;3.601582e-01;-4.236870e-01;1.566762e-01;3.688891e+01;5.652174e-01;8.102767e-01;-5.410645e+00;-1.187497e+00;3.861710e+00;4.223148e+00;5.049207e+00;9.272354e+00;-1.758105e+01;1.493124e+01;3.251229e+01;7.105812e+00;-4.704490e-02;2.833765e+00;1.033333e-01;3.100000e-01;3.000000e-02;9.122622e-02;9.130435e-01;5.059289e-01;1.304348e-01;1.976285e-02;4.603175e-01;4.980080e-01;1.213469e+01;-1.212847e+00;3.993674e-01;3.669588e-01;-5.270492e-01;1.494254e-01;3.933885e+01;7.430830e-01;2.569170e-01;-6.870721e+00;-2.564922e+00;1.966513e+00;4.305799e+00;4.531435e+00;8.837234e+00;-1.726479e+01;1.518855e+01;3.245334e+01;6.663051e+00;5.317491e-02;3.154560e+00;1.518750e-01;5.100000e-01;3.000000e-02;1.539569e-01;8.932806e-01;4.426877e-01;4.743083e-02;1.581028e-02;4.722222e-01;4.741036e-01;1.139713e+01;-1.234076e+00;2.818429e-01;6.349111e-01;-6.877713e-01;2.138881e-01;3.463358e+01;5.415020e-01;4.664032e-01;-5.884938e+00;-2.508778e+00;1.183242e+00;3.376159e+00;3.692020e+00;7.068180e+00;-1.243580e+01;1.488185e+01;2.731765e+01;5.740782e+00;6.278610e-01;3.747276e+00;1.008333e-01;3.700000e-01;3.000000e-02;8.883115e-02;7.865613e-01;2.055336e-01;2.371541e-02;7.905139e-03;5.000000e-01;5.179283e-01;6.814538e+00;-1.225756e+00;3.203009e-01;4.344816e-01;-5.818270e-01;1.833988e-01;3.543443e+01;0;7.193676e-01;-5.987831e+00;-2.593333e+00;1.061026e+00;3.394497e+00;3.654360e+00;7.048857e+00;-1.752182e+01;7.410730e+00;2.493255e+01;5.102290e+00;-4.478133e-01;3.896424e+00;1.592857e-01;5.300000e-01;3.000000e-02;1.441460e-01;9.723320e-01;6.956522e-01;9.881423e-02;3.952569e-03;5.158730e-01;5.059761e-01;6.927860e+00;-1.144954e+00;1.591364e-01;4.719641e-01;-3.852741e-01;3.897579e-02;7.410170e-02;4.150198e-01;3.517787e-01;-6.448096e-03;-2.131730e-04;6.658831e-03;6.234923e-03;6.872004e-03;1.310693e-02;-3.138761e-02;2.777252e-02;5.916013e-02;1.158887e-02;-1.531446e-01;3.933754e+00;1.623077e-01;8.100000e-01;3.000000e-02;2.052823e-01;9.644269e-01;6.284585e-01;9.881423e-02;1.581028e-02;5.555556e-01;4.940239e-01;1.917291e-06;-2.784431e+00;3.510094e+00;-2.328876e+00;7.313881e-01;-2.638871e-02;2.824973e-01;4.150198e-01;4.308300e-01;-1.303274e-02;-1.436967e-03;1.281308e-02;1.159578e-02;1.425004e-02;2.584582e-02;-8.990964e-02;1.222278e-01;2.121374e-01;3.248791e-02;1.050424e+00;1.085760e+01;2.412500e-01;8.800000e-01;3.000000e-02;2.888528e-01;8.972332e-01;5.928854e-02;1.185771e-02;7.905139e-03;4.960317e-01;5.139442e-01;1.443509e-05;-2.729608e+00;3.317237e+00;-2.060920e+00;5.157915e-01;5.683237e-02;4.303916e-01;4.110672e-01;7.391304e-01;-1.800385e-02;4.333973e-04;2.276511e-02;1.843725e-02;2.233171e-02;4.076896e-02;-1.554838e-01;1.566826e-01;3.121664e-01;5.381994e-02;-6.021098e-02;6.943021e+00;2.742857e-01;1.050000e+00;3.000000e-02;3.671457e-01;9.367589e-01;3.517787e-01;1.976285e-02;7.905139e-03;5.555556e-01;4.980080e-01;2.491118e-05;-3.043243e+00;4.240554e+00;-3.261831e+00;1.353430e+00;-2.121854e-01;8.905260e-01;4.110672e-01;4.387352e-01;-3.847345e-02;1.173222e-03;2.802413e-02;3.964667e-02;2.685091e-02;6.649759e-02;-2.979583e-01;3.411891e-01;6.391474e-01;1.023257e-01;7.882736e-01;9.369201e+00;2.077778e-01;8.600000e-01;3.000000e-02;2.810211e-01;9.367589e-01;1.343874e-01;1.581028e-02;7.905139e-03;5.833333e-01;5.059761e-01;1.700389e-04;-2.715861e+00;3.375335e+00;-2.236455e+00;7.450088e-01;-5.107505e-02;1.988416e+00;4.150198e-01;4.347826e-01;-4.621841e-02;-3.336012e-04;4.402063e-02;4.588481e-02;4.435423e-02;9.023904e-02;-6.563980e-01;7.421191e-01;1.398517e+00;1.843087e-01;1.188927e+00;1.787795e+01;3.866667e-01;1.050000e+00;4.000000e-02;4.692073e-01;9.723320e-01;8.300395e-02;1.581028e-02;7.905139e-03;5.833333e-01;5.059761e-01;3.549455e-04;-2.950377e+00;3.982084e+00;-2.945117e+00;1.175845e+00;-1.774640e-01;3.642736e+00;4.150198e-01;4.347826e-01;-6.575416e-02;-6.723821e-04;5.378302e-02;6.508178e-02;5.445540e-02;1.195372e-01;-1.172861e+00;1.286618e+00;2.459479e+00;2.999138e-01;1.040079e+00;2.361112e+01;3.833333e-01;1.060000e+00;3.000000e-02;4.786323e-01;9.841897e-01;6.324111e-02;1.185771e-02;7.905139e-03;6.031746e-01;5.139442e-01;9.550449e-04;-2.851618e+00;3.604759e+00;-2.328900e+00;6.851351e-01;-1.470690e-02;2.043234e+00;4.150198e-01;4.387352e-01;-5.896533e-02;-3.966010e-03;5.927632e-02;5.499931e-02;6.324233e-02;1.182416e-01;-6.430088e-01;7.544743e-01;1.397483e+00;1.953256e-01;5.387329e-01;1.482236e+01;3.866667e-01;1.060000e+00;4.000000e-02;4.761885e-01;9.841897e-01;3.241107e-01;1.581028e-02;7.905139e-03;5.396826e-01;5.019920e-01;1.092316e-03;-2.255914e+00;1.978648e+00;-4.000727e-01;-4.690914e-01;2.895902e-01;1.287152e+00;4.150198e-01;4.347826e-01;-6.733947e-02;0;6.474837e-02;6.733947e-02;6.474837e-02;1.320878e-01;-4.154369e-01;5.007926e-01;9.162295e-01;1.516108e-01;6.492081e-01;8.238265e+00;3.050000e-01;7.100000e-01;3.000000e-02;2.830636e-01;9.486166e-01;1.264822e-01;1.185771e-02;7.905139e-03;5.555556e-01;5.059761e-01;1.015659e-03;-2.099374e+00;1.765126e+00;-2.966039e-01;-4.749669e-01;3.011627e-01;1.235545e+00;4.150198e-01;4.426877e-01;-7.209494e-02;9.727419e-04;6.309969e-02;7.306768e-02;6.212695e-02;1.351946e-01;-4.474669e-01;4.593332e-01;9.068002e-01;1.497970e-01;3.067889e-01;6.965066e+00;2.657143e-01;7.200000e-01;3.000000e-02;2.879909e-01;9.486166e-01;2.371542e-01;1.185771e-02;1.185771e-02;5.317460e-01;5.099602e-01;1.288932e-03;-1.979418e+00;1.578972e+00;-2.435972e-01;-3.805058e-01;2.407250e-01;1.271997e+00;4.189723e-01;4.387352e-01;-7.521163e-02;4.176783e-03;7.597355e-02;7.938841e-02;7.179677e-02;1.511852e-01;-4.709816e-01;4.589213e-01;9.299029e-01;1.728680e-01;9.622940e-02;5.335619e+00;1.950000e-01;3.600000e-01;3.000000e-02;1.493039e-01;9.446641e-01;3.517787e-01;3.557312e-02;7.905139e-03;5.515873e-01;5.298805e-01;2.769906e-03;-1.744859e+00;1.253679e+00;-7.768002e-02;-3.634019e-01;2.324511e-01;1.189295e+00;4.189723e-01;2.766798e-01;-8.754189e-02;7.136762e-03;6.961770e-02;9.467866e-02;6.248094e-02;1.571596e-01;-4.972092e-01;5.599630e-01;1.057172e+00;1.764449e-01;1.684037e-01;5.282241e+00;2.272727e-01;1.020000e+00;3.000000e-02;2.799705e-01;9.565217e-01;5.375494e-01;5.928854e-02;1.976285e-02;5.634921e-01;5.059761e-01;2.182987e-03;-1.885088e+00;1.491294e+00;-2.003654e-01;-4.131930e-01;2.892638e-01;1.822736e+00;4.150198e-01;4.347826e-01;-8.280303e-02;4.135787e-03;8.183150e-02;8.693882e-02;7.769571e-02;1.646345e-01;-6.680733e-01;6.544460e-01;1.322519e+00;2.087243e-01;6.876035e-02;8.427048e+00;1.916667e-01;6.700000e-01;3.000000e-02;2.373055e-01;9.723320e-01;3.636364e-01;1.976285e-02;7.905139e-03;5.714286e-01;5.059761e-01;2.090034e-03;-2.056191e+00;1.757138e+00;-3.478369e-01;-4.271543e-01;3.096648e-01;1.549284e+00;4.150198e-01;4.347826e-01;-8.702029e-02;6.684077e-03;9.500148e-02;9.370437e-02;8.831740e-02;1.820218e-01;-6.265126e-01;5.756617e-01;1.202174e+00;2.134705e-01;-1.304494e-01;5.248816e+00;3.471428e-01;1.240000e+00;3.000000e-02;4.264710e-01;9.604743e-01;5.177866e-01;3.162055e-02;7.905139e-03;5.833333e-01;4.940239e-01;2.668284e-03;-1.959689e+00;1.628857e+00;-2.720712e-01;-4.300696e-01;3.134708e-01;1.276340e+00;9.367589e-01;4.387352e-01;-1.085398e-01;1.004358e-02;1.034355e-01;1.185834e-01;9.339193e-02;2.119753e-01;-6.066258e-01;5.493801e-01;1.156006e+00;2.132437e-01;-1.461280e-01;4.139270e+00;1.633333e-01;6.200000e-01;3.000000e-02;1.743432e-01;9.446641e-01;6.245059e-01;9.090909e-02;2.766798e-02;5.634921e-01;5.059761e-01;2.352723e-03;-2.045307e+00;1.824703e+00;-4.475099e-01;-3.717459e-01;3.112938e-01;1.196263e+00;7.035573e-01;4.387352e-01;-1.006205e-01;-1.052356e-03;1.115698e-01;9.956814e-02;1.126222e-01;2.121903e-01;-4.946243e-01;4.899499e-01;9.845742e-01;1.985673e-01;-1.141739e-01;3.716611e+00;1.493750e-01;6.200000e-01;3.000000e-02;1.780614e-01;9.565217e-01;6.521739e-01;1.027668e-01;2.766798e-02;5.793651e-01;5.258964e-01;2.062729e-03;-2.068540e+00;1.830535e+00;-4.380826e-01;-3.766116e-01;2.896446e-01;1.323100e+00;7.905138e-01;4.387352e-01;-1.248697e-01;0;1.268744e-01;1.248697e-01;1.268744e-01;2.517441e-01;-5.724716e-01;5.612874e-01;1.133759e+00;2.136731e-01;-5.503497e-02;3.833881e+00;1.785714e-01;6.500000e-01;3.000000e-02;2.179403e-01;9.525692e-01;5.770751e-01;7.114624e-02;1.581028e-02;5.714286e-01;5.139442e-01;2.672025e-03;-2.032873e+00;1.746430e+00;-3.874042e-01;-3.537679e-01;2.452139e-01;1.147820e+00;2.529644e-01;2.727273e-01;-1.305789e-01;3.207427e-03;1.147078e-01;1.337864e-01;1.115004e-01;2.452867e-01;-4.771043e-01;5.240637e-01;1.001168e+00;2.066091e-01;1.060023e-01;3.177286e+00;1.315790e-01;5.800000e-01;3.000000e-02;1.584551e-01;9.090909e-01;4.743083e-01;8.300395e-02;2.371541e-02;5.357143e-01;5.019920e-01;3.185755e-03;-1.891401e+00;1.463233e+00;-1.529212e-01;-4.174705e-01;2.349589e-01;1.166881e+00;3.399209e-01;2.727273e-01;-1.380864e-01;-1.001104e-02;1.469243e-01;1.280754e-01;1.569353e-01;2.850108e-01;-4.940628e-01;5.228324e-01;1.016895e+00;2.159366e-01;4.055718e-02;2.952470e+00;1.562500e-01;6.500000e-01;3.000000e-02;2.166470e-01;9.249012e-01;4.940712e-01;9.486166e-02;1.976285e-02;5.753968e-01;4.900399e-01;3.397676e-03;-1.895504e+00;1.532274e+00;-2.346776e-01;-3.683200e-01;2.369814e-01;1.562259e+00;2.569170e-01;2.727273e-01;-1.531942e-01;-1.537997e-02;1.625839e-01;1.378142e-01;1.779639e-01;3.157781e-01;-6.154639e-01;6.937116e-01;1.309175e+00;2.521291e-01;1.239636e-01;3.649169e+00;1.923077e-01;1.190000e+00;3.000000e-02;3.051898e-01;9.328063e-01;4.426877e-01;5.928854e-02;1.976285e-02;5.952381e-01;5.099602e-01;5.089564e-03;-1.792374e+00;1.419406e+00;-1.574726e-01;-3.753209e-01;2.602511e-01;1.498618e+00;2.569170e-01;2.727273e-01;-1.356024e-01;-1.566026e-02;1.499149e-01;1.199421e-01;1.655751e-01;2.855173e-01;-6.327159e-01;6.639563e-01;1.296672e+00;2.466860e-01;1.236020e-01;3.828408e+00;1.666667e-01;1.190000e+00;3.000000e-02;2.852757e-01;9.407114e-01;4.387352e-01;6.324111e-02;1.581028e-02;5.714286e-01;5.099602e-01;5.074152e-03;-1.809945e+00;1.430892e+00;-1.565651e-01;-4.019744e-01;2.657273e-01;1.314622e+00;4.584980e-01;9.525692e-01;-1.522805e-01;-8.658266e-03;1.340180e-01;1.436223e-01;1.426762e-01;2.862985e-01;-5.676471e-01;5.711097e-01;1.138757e+00;2.315778e-01;1.875943e-01;3.485335e+00;1.250000e-01;7.200000e-01;3.000000e-02;1.731618e-01;9.328063e-01;4.703557e-01;9.486166e-02;2.371541e-02;5.873016e-01;5.258964e-01;4.553949e-03;-1.800105e+00;1.410746e+00;-1.410571e-01;-4.128875e-01;2.757166e-01;1.640570e+00;3.359684e-01;9.525692e-01;-1.363674e-01;-1.604201e-02;1.117785e-01;1.203253e-01;1.278206e-01;2.481459e-01;-5.078167e-01;6.698480e-01;1.177665e+00;2.312471e-01;4.736291e-01;4.438783e+00;2.733333e-01;1.320000e+00;3.000000e-02;3.950246e-01;9.446641e-01;3.241107e-01;3.162055e-02;7.905139e-03;5.555556e-01;5.179283e-01;5.619362e-03;-1.745958e+00;1.256242e+00;-8.504269e-02;-3.653941e-01;1.999052e-01;1.911572e+00;3.359684e-01;9.525692e-01;-1.270791e-01;-1.547812e-02;1.067319e-01;1.116009e-01;1.222101e-01;2.338110e-01;-4.872161e-01;7.685723e-01;1.255788e+00;2.410697e-01;1.005428e+00;6.933209e+00;1.757143e-01;1.020000e+00;3.000000e-02;2.492478e-01;8.893281e-01;1.383399e-01;1.185771e-02;7.905139e-03;5.396826e-01;4.980080e-01;4.423424e-03;-1.896412e+00;1.466964e+00;-1.810865e-01;-3.913551e-01;2.239281e-01;1.370845e+00;3.399209e-01;9.525692e-01;-1.026519e-01;-1.540785e-02;9.808569e-02;8.724403e-02;1.134935e-01;2.007376e-01;-4.122792e-01;5.579081e-01;9.701873e-01;1.988820e-01;6.869658e-01;5.011684e+00;1.230000e-01;7.500000e-01;3.000000e-02;1.581803e-01;8.221344e-01;1.620553e-01;1.185771e-02;7.905139e-03;5.634921e-01;5.258964e-01;3.513958e-03;-1.815701e+00;1.350381e+00;-1.205427e-01;-4.047442e-01;2.451830e-01;1.259682e+00;3.399209e-01;9.960474e-01;-1.014696e-01;-9.711742e-03;8.839004e-02;9.175787e-02;9.810178e-02;1.898597e-01;-3.769354e-01;5.442896e-01;9.212250e-01;1.763872e-01;8.664681e-01;5.724077e+00;1.204762e-01;7.300000e-01;3.000000e-02;1.469848e-01;7.944664e-01;1.304348e-01;1.185771e-02;7.905139e-03;5.555556e-01;5.179283e-01;3.448065e-03;-1.699016e+00;1.133690e+00;-3.879462e-02;-3.193313e-01;1.620474e-01;8.519291e-01;3.399209e-01;9.960474e-01;-7.425074e-02;-1.017741e-02;6.967670e-02;6.407333e-02;7.985411e-02;1.439274e-01;-2.946219e-01;3.914969e-01;6.861188e-01;1.303374e-01;5.392233e-01;4.318880e+00;2.272727e-01;1.050000e+00;4.000000e-02;2.871519e-01;9.090909e-01;2.806324e-01;3.557312e-02;1.185771e-02;5.555556e-01;5.338646e-01;2.251074e-03;-1.603938e+00;1.029902e+00;-1.397935e-02;-2.845429e-01;1.574452e-01;5.023086e-01;4.110672e-01;4.308300e-01;-4.168485e-04;-1.213086e-05;1.282279e-04;4.047177e-04;1.403588e-04;5.450764e-04;-1.624475e-01;1.614916e-01;3.239391e-01;3.823752e-02;-2.068628e-01;3.068271e+01;3.800000e-01;1.040000e+00;4.000000e-02;4.667619e-01;9.841897e-01;9.249012e-01;1.581028e-02;1.185771e-02;6.031746e-01;5.099602e-01;4.498690e-05;-2.086641e+00;1.465851e+00;2.688988e-01;-8.687707e-01;3.839678e-01;3.555076e-02;4.189723e-01;4.347826e-01;-2.626803e-04;-3.158071e-06;2.057544e-04;2.595222e-04;2.089125e-04;4.684346e-04;-1.488112e-02;1.472727e-02;2.960839e-02;3.420783e-03;-4.651541e-01;1.718793e+01;2.420000e-01;1.060000e+00;3.000000e-02;4.090184e-01;9.802371e-01;9.367589e-01;2.766798e-02;1.581028e-02;6.190476e-01;4.701195e-01;1.268142e-06;-1.522121e+00;9.842691e-01;2.654813e-01;-5.535020e-01;3.160486e-01;2.748958e+03;5.098814e-01;5.335968e-01;-4.895835e+01;1.041602e+00;4.166666e+01;4.999995e+01;4.062506e+01;9.062502e+01;-1.249042e+03;1.286875e+03;2.535917e+03;3.643963e+02;7.223183e-03;8.473369e+00;1.545454e-01;8.700000e-01;3.000000e-02;2.334470e-01;9.525692e-01;2.806324e-01;4.347826e-02;1.581028e-02;5.436508e-01;4.860558e-01;7.274083e+03;-2.020881e+00;1.632480e+00;-3.304301e-01;-3.922080e-01;2.729818e-01;3.343750e+03;3.359684e-01;6.521739e-01;-5.937500e+01;4.166664e+00;8.124999e+01;6.354166e+01;7.708333e+01;1.406250e+02;-1.508500e+03;1.468667e+03;2.977167e+03;5.010968e+02;-1.255371e-01;5.644188e+00;1.807143e-01;8.500000e-01;3.000000e-02;2.656653e-01;9.407114e-01;6.007905e-01;5.928854e-02;1.976285e-02;5.238096e-01;4.860558e-01;2.265829e+04;-1.791676e+00;1.234474e+00;1.078531e-01;-7.073929e-01;3.993795e-01;3.769792e+03;3.359684e-01;6.521739e-01;-3.479167e+02;9.375000e+00;3.166667e+02;3.572917e+02;3.072917e+02;6.645833e+02;-1.746083e+03;1.618458e+03;3.364542e+03;6.648198e+02;-1.492601e-01;3.804913e+00;1.321053e-01;7.800000e-01;3.000000e-02;1.826581e-01;9.051383e-01;6.758893e-01;9.486166e-02;1.976285e-02;5.515873e-01;5.019920e-01;3.906752e+04;-1.820818e+00;1.367195e+00;-3.984213e-03;-6.400751e-01;3.800837e-01;3.868750e+03;3.320158e-01;6.561265e-01;-5.239584e+02;1.041665e+01;4.479167e+02;5.343750e+02;4.375000e+02;9.718750e+02;-1.819792e+03;1.761583e+03;3.581375e+03;8.601562e+02;-4.471478e-02;2.667082e+00;7.171428e-02;2.300000e-01;3.000000e-02;5.146348e-02;8.498024e-01;6.324111e-01;1.581028e-01;5.138340e-02;5.396826e-01;4.780877e-01;6.253298e+04;-1.847979e+00;1.500034e+00;-1.807711e-01;-4.782036e-01;3.155990e-01;1.815666e-01;4.071146e-01;4.387352e-01;-9.095575e-03;-2.775014e-04;8.584659e-03;8.818073e-03;8.862160e-03;1.768023e-02;-6.945516e-02;6.084115e-02;1.302963e-01;2.115594e-02;-6.900887e-01;9.288817e+00;2.425000e-01;1;3.000000e-02;3.345052e-01;9.881423e-01;9.169961e-01;8.695652e-02;2.371541e-02;5.555556e-01;4.900399e-01;5.371487e-05;-1.630003e+00;9.626513e-01;3.751081e-01;-7.800622e-01;3.505574e-01;2.677471e+03;3.359684e-01;4.031621e-01;-2.420966e+02;1.018896e+01;2.593770e+02;2.522856e+02;2.491880e+02;5.014736e+02;-1.365060e+03;1.074463e+03;2.439523e+03;4.536387e+02;-3.556602e-01;4.237729e+00;1.673333e-01;8.500000e-01;3.000000e-02;2.582367e-01;9.407114e-01;6.719368e-01;8.300395e-02;1.581028e-02;5.555556e-01;4.661355e-01;1.412812e+04;-1.975216e+00;1.634608e+00;-2.868209e-01;-4.849420e-01;3.295165e-01;1.810835e+00;9.762846e-01;4.071146e-01;-2.490773e-01;1.511784e-02;2.448664e-01;2.641951e-01;2.297486e-01;4.939438e-01;-7.750479e-01;8.252633e-01;1.600311e+00;3.695970e-01;-5.008649e-02;2.628454e+00;1.004000e-01;3.000000e-01;3.000000e-02;7.942192e-02;8.774704e-01;5.494071e-01;1.422925e-01;2.371541e-02;5.238096e-01;4.900399e-01;1.122246e-02;-1.866559e+00;1.580641e+00;-2.658579e-01;-4.481842e-01;3.236923e-01;3.990527e+06;4.980237e-01;9.920949e-01;-5.513555e+05;-1.305271e+04;4.678013e+05;5.383028e+05;4.808540e+05;1.019157e+06;-1.627100e+06;1.948735e+06;3.575834e+06;8.102046e+05;1.601223e-01;2.688132e+00;9.653845e-02;3.600000e-01;3.000000e-02;9.252618e-02;8.695652e-01;4.703557e-01;1.225296e-01;3.557312e-02;5.674603e-01;5.099602e-01;57555251200;-1.742477e+00;1.368554e+00;-5.664545e-02;-4.977010e-01;3.329509e-01;6.888363e+00;4.071146e-01;8.695652e-01;-8.726677e-01;-2.242637e-03;9.346900e-01;8.704250e-01;9.369326e-01;1.807358e+00;-2.900194e+00;2.805894e+00;5.706088e+00;1.314122e+00;-1.282547e-01;2.707927e+00;1.012000e-01;3.500000e-01;3.000000e-02;8.636295e-02;9.249012e-01;6.205534e-01;1.581028e-01;1.976285e-02;5.238096e-01;5.099602e-01;1.367078e-01;-1.859028e+00;1.509045e+00;-1.581465e-01;-5.071537e-01;3.317889e-01;1.402051e+02;8.537549e-01;8.695652e-01;-1.074178e+01;3.798831e-01;1.167062e+01;1.112166e+01;1.129074e+01;2.241240e+01;-6.261577e+01;5.267415e+01;1.152899e+02;2.105595e+01;-4.065545e-01;4.583577e+00;1.394118e-01;6.100000e-01;3.000000e-02;1.593542e-01;9.802371e-01;7.865613e-01;1.304348e-01;2.371541e-02;5.277778e-01;4.980080e-01;4.205525e+01;-1.674677e+00;1.232967e+00;1.340219e-01;-6.622453e-01;4.132147e-01;9.497234e-02;4.308300e-01;4.110672e-01;-8.967785e-05;1.696341e-05;2.160794e-04;1.066413e-04;1.991160e-04;3.057573e-04;-3.203086e-02;3.058678e-02;6.261764e-02;7.418633e-03;-2.160600e-01;2.814646e+01;3.800000e-01;1.040000e+00;4.000000e-02;4.667619e-01;9.841897e-01;2.252964e-01;1.581028e-02;7.905139e-03;4.404762e-01;5.099602e-01;1.300880e-06;-2.185839e+00;1.619099e+00;2.255339e-01;-9.470099e-01;4.347233e-01;1.812038e+00;3.359684e-01;6.521739e-01;-1.535176e-01;8.638990e-03;1.522320e-01;1.621566e-01;1.435930e-01;3.057496e-01;-9.065875e-01;7.220014e-01;1.628589e+00;3.027468e-01;-3.341476e-01;4.253570e+00;1.792857e-01;8.500000e-01;3.000000e-02;2.661757e-01;9.486166e-01;6.600791e-01;7.905138e-02;1.976285e-02;5.476190e-01;4.621514e-01;6.370626e-03;-1.970245e+00;1.623984e+00;-2.797342e-01;-4.859664e-01;3.278978e-01;2.343020e-01;4.110672e-01;4.308300e-01;-4.710079e-04;7.087612e-06;4.391464e-04;4.780955e-04;4.320588e-04;9.101543e-04;-7.455753e-02;6.903199e-02;1.435895e-01;1.754822e-02;7.240217e-02;3.150068e+01;3.800000e-01;1.050000e+00;3.000000e-02;4.739198e-01;9.841897e-01;7.707510e-01;1.185771e-02;7.905139e-03;5.714286e-01;4.900399e-01;6.070719e-06;-2.347611e+00;2.119247e+00;-3.924772e-01;-5.701190e-01;3.372412e-01;1.967200e+01;4.071146e-01;3.320158e-01;-2.255035e+00;-3.677139e-02;1.950702e+00;2.218264e+00;1.987473e+00;4.205737e+00;-7.618965e+00;9.047206e+00;1.666617e+01;3.325751e+00;3.487128e-01;3.724527e+00;1.140909e-01;4.800000e-01;3.000000e-02;1.161370e-01;8.339921e-01;2.608696e-01;3.557312e-02;7.905139e-03;4.920635e-01;4.940239e-01;6.262738e-01;-2.088779e+00;1.898060e+00;-5.522122e-01;-2.957395e-01;2.488631e-01;1.202776e+01;4.940712e-01;5.652174e-01;-9.045895e-01;-5.762234e-02;9.450243e-01;8.469672e-01;1.002647e+00;1.849614e+00;-4.403651e+00;4.255606e+00;8.659258e+00;1.774632e+00;-7.246707e-02;4.193458e+00;1.818182e-01;5.200000e-01;3.000000e-02;1.681892e-01;9.130435e-01;4.150198e-01;2.766798e-02;7.905139e-03;4.920635e-01;4.661355e-01;3.645921e-01;-1.709686e+00;1.272704e+00;-4.492235e-02;-5.521532e-01;3.649241e-01;1.346884e+01;4.861660e-01;5.652174e-01;-1.580651e+00;-2.528167e-02;1.440177e+00;1.555369e+00;1.465459e+00;3.020828e+00;-5.684298e+00;5.462415e+00;1.114671e+01;2.395288e+00;-3.352152e-02;3.027799e+00;1.394444e-01;4.700000e-01;3.000000e-02;1.440475e-01;9.288538e-01;5.256917e-01;8.695652e-02;1.976285e-02;5.039682e-01;4.980080e-01;5.722810e-01;-1.697911e+00;1.263467e+00;2.975717e-02;-5.492017e-01;3.523563e-01;1.646410e+01;4.703557e-01;4.901186e-01;-1.475225e+00;2.736414e-01;1.604746e+00;1.748866e+00;1.331104e+00;3.079970e+00;-6.041434e+00;7.034622e+00;1.307606e+01;2.520443e+00;2.596843e-02;4.043796e+00;1.509091e-01;9.100000e-01;3.000000e-02;2.477702e-01;9.209486e-01;4.268775e-01;3.162055e-02;1.185771e-02;4.920635e-01;4.900399e-01;5.858608e-01;-1.709161e+00;1.194206e+00;1.676707e-01;-6.867813e-01;4.117665e-01;1.461847e+01;7.509881e-01;7.865613e-01;-1.579117e+00;3.570175e-02;1.878285e+00;1.614818e+00;1.842583e+00;3.457402e+00;-5.715337e+00;5.910023e+00;1.162536e+01;2.582474e+00;-1.510459e-01;3.060152e+00;1.177778e-01;3.500000e-01;3.000000e-02;9.150322e-02;9.328063e-01;6.086956e-01;1.264822e-01;1.581028e-02;4.841270e-01;4.860558e-01;8.804027e-01;-1.626493e+00;1.050849e+00;1.674251e-01;-5.901308e-01;2.909667e-01;1.825965e+01;5.652174e-01;5.335968e-01;-1.616665e+00;1.795199e-01;1.647380e+00;1.796185e+00;1.467860e+00;3.264045e+00;-8.221060e+00;6.886750e+00;1.510781e+01;3.093340e+00;-2.841322e-01;3.588723e+00;1.050000e-01;3.100000e-01;3.000000e-02;8.998016e-02;9.525692e-01;6.324111e-01;9.486166e-02;1.185771e-02;5.119048e-01;5.019920e-01;8.725834e-01;-1.835750e+00;1.465959e+00;-2.059155e-01;-4.776532e-01;3.405326e-01;1.447932e+01;3.952569e-02;4.031621e-01;-1.855418e+00;-5.791054e-02;1.731146e+00;1.797508e+00;1.789056e+00;3.586564e+00;-6.384448e+00;6.537027e+00;1.292147e+01;2.792875e+00;8.677029e-02;2.846007e+00;9.727273e-02;4.200000e-01;3.000000e-02;9.525954e-02;8.972332e-01;5.098814e-01;9.881423e-02;1.976285e-02;5.119048e-01;4.820717e-01;8.976696e-01;-1.656287e+00;1.084600e+00;2.237049e-01;-6.804593e-01;3.608922e-01;1.472349e+01;5.375494e-01;7.035573e-01;-1.565381e+00;3.779774e-02;1.820925e+00;1.603179e+00;1.783127e+00;3.386305e+00;-6.787436e+00;4.785283e+00;1.157272e+01;2.573305e+00;-4.109391e-01;3.475871e+00;7.758620e-02;2.000000e-01;3.000000e-02;4.811303e-02;9.723320e-01;7.707510e-01;2.411067e-01;4.743083e-02;5.436508e-01;5.059761e-01;8.308720e-01;-1.615242e+00;1.012040e+00;2.092803e-01;-6.692011e-01;3.894439e-01;1.479657e+01;7.391304e-01;7.588933e-01;-1.421265e+00;8.944798e-02;1.414874e+00;1.510713e+00;1.325426e+00;2.836138e+00;-6.022141e+00;5.024865e+00;1.104701e+01;2.268881e+00;-1.057299e-01;3.565891e+00;1.746154e-01;4.200000e-01;3.000000e-02;1.171859e-01;9.802371e-01;6.482214e-01;1.185771e-01;1.581028e-02;5.079365e-01;5.338646e-01;6.553487e-01;-1.579034e+00;1.056352e+00;1.794736e-01;-5.693061e-01;3.154158e-01;1.369334e+01;8.537549e-01;8.695652e-01;-1.577330e+00;-1.005093e-01;1.623895e+00;1.476821e+00;1.724405e+00;3.201225e+00;-4.556945e+00;5.694019e+00;1.025097e+01;2.386182e+00;1.850685e-01;2.907990e+00;1.792857e-01;7.500000e-01;3.000000e-02;1.867949e-01;9.565217e-01;5.098814e-01;1.146245e-01;1.581028e-02;4.880952e-01;4.741036e-01;7.459263e-01;-1.587704e+00;1.088312e+00;1.110405e-01;-5.295007e-01;3.211668e-01;1.202707e+01;8.577075e-01;8.023716e-01;-1.416461e+00;-1.253970e-01;1.527217e+00;1.291064e+00;1.652614e+00;2.943678e+00;-5.169993e+00;5.398140e+00;1.056813e+01;2.396275e+00;1.558233e-01;2.721806e+00;8.840000e-02;2.600000e-01;3.000000e-02;6.297174e-02;9.169961e-01;4.980237e-01;1.343874e-01;3.557312e-02;4.920635e-01;4.621514e-01;7.549322e-01;-1.581041e+00;1.155737e+00;7.514662e-02;-5.522107e-01;3.431316e-01;1.629606e+01;7.351779e-01;7.509881e-01;-1.890114e+00;1.265010e-01;1.583963e+00;2.016615e+00;1.457462e+00;3.474078e+00;-5.950462e+00;6.002773e+00;1.195324e+01;2.580012e+00;6.940198e-02;3.385972e+00;2.245454e-01;1.150000e+00;3.000000e-02;3.319738e-01;9.090909e-01;4.189723e-01;2.371541e-02;7.905139e-03;4.960317e-01;5.139442e-01;7.664206e-01;-1.598151e+00;1.112273e+00;1.967948e-01;-6.527671e-01;3.914606e-01;9.433718e+00;4.782609e-01;6.956522e-01;-1.126974e+00;3.309207e-02;1.081166e+00;1.160066e+00;1.048074e+00;2.208140e+00;-4.421751e+00;3.960354e+00;8.382105e+00;1.744711e+00;-6.528597e-02;3.190770e+00;1.044444e-01;4.900000e-01;3.000000e-02;1.158170e-01;9.249012e-01;5.217391e-01;8.300395e-02;2.371541e-02;5.277778e-01;4.940239e-01;4.923110e-01;-1.510851e+00;1.021373e+00;1.132747e-01;-5.099067e-01;3.024555e-01;9.415821e+00;7.312253e-01;5.335968e-01;-1.314598e+00;-8.341904e-02;1.047147e+00;1.231179e+00;1.130566e+00;2.361745e+00;-3.582813e+00;4.168358e+00;7.751171e+00;1.763262e+00;7.698925e-02;2.778208e+00;1.388235e-01;5.100000e-01;3.000000e-02;1.281948e-01;9.367589e-01;5.691699e-01;1.462451e-01;3.557312e-02;4.920635e-01;4.860558e-01;4.516101e-01;-1.509691e+00;8.654481e-01;3.338605e-01;-6.078261e-01;2.771384e-01;1.529766e+02;9.715407e-01;1.529766e+02;1.570232e+02;8.256459e+01;5.000000e-01;9.166667e-01;-9.754463e-02;1.047990e+00;7.063454e-02;-1.172424e-02;3.142201e-02;8.330460e-01;5.534619e-02;4.060521e-01;1.117674e+02;1.751092e+02;1.820721e+02;6.334175e+01;6.962875e+00;7.030463e+01;1.108128e+02;1.930427e+02;8.222990e+01;3.541830e+01;-2.701340e-01;1.165239e+00;5.833333e-01;5.833333e-01;5.833333e-01;2.500000e-01;6.363636e-01;5.000000e-01;3.915483e+03;-9.480187e-01;-8.999697e-04;-7.510633e-03;-2.246130e-03;6.110266e-02;6.206049e-01;9.926815e-01;6.206049e-01;6.246820e-01;4.600566e-01;4.291846e-01;3.776824e-01;-3.660663e-05;6.440760e-01;2.398179e-02;4.434515e-06;-1.065414e-03;6.836851e-01;2.365982e-02;4.973271e-01;5.908491e-01;6.353799e-01;6.664784e-01;4.453081e-02;3.109848e-02;7.562929e-02;4.217623e-01;7.754036e-01;3.536414e-01;7.125362e-02;-9.874147e-01;4.481629e+00;9.785408e-01;8.369099e-01;2.145923e-01;2.145923e-02;4.741379e-01;4.415585e-01;3.522170e-03;-1.092414e+00;3.518940e-02;4.515108e-02;9.616280e-03;8.012858e-03;4.077260e-02;8.671570e-01;4.077260e-02;4.456798e-02;4.920871e-02;0;3.333333e-01;-8.556788e-02;7.954707e-01;1.124048e-01;1.639790e-02;-1.664079e-01;8.501304e-01;1.107317e-01;3.664648e-01;2.730335e-02;4.656374e-02;5.447026e-02;1.926039e-02;7.906526e-03;2.716692e-02;1.261453e-02;6.112812e-02;4.851359e-02;1.799722e-02;-5.028453e-01;1.683258e+00;6.666667e-01;6.666667e-01;3.333333e-01;3.333333e-01;2.000000e-01;2.500000e-01;9.095099e-04;-7.132806e-01;2.370772e-01;-5.118173e-01;1.911226e-01;1.011243e-01;5.562821e-02;7.865437e-01;5.562821e-02;6.237574e-02;8.724229e-02;0;4.000000e-01;-1.158234e-01;7.678936e-01;7.776755e-02;1.308927e-01;-3.116605e-01;1.029679e+00;2.979544e-02;3.273197e-01;5.286130e-02;5.286130e-02;6.747457e-02;0;1.461327e-02;1.461327e-02;1.061120e-02;9.494832e-02;8.433712e-02;2.821766e-02;-3.069045e-01;2.362430e+00;8.000000e-01;8.000000e-01;2.000000e-01;2.000000e-01;2.500000e-01;3.333333e-01;2.012920e-03;-6.985670e-01;3.646942e-01;-6.126621e-01;2.661822e-01;3.263760e-02;3.216979e-01;8.173196e-01;3.216979e-01;3.763026e-01;6.002014e-01;0;3.750000e-01;-9.653990e-02;7.100575e-01;5.687175e-02;2.292983e-02;-2.010002e-01;8.705664e-01;4.583042e-02;3.192979e-01;1.762870e-01;2.766729e-01;4.289330e-01;1.003859e-01;1.522601e-01;2.526460e-01;9.924157e-02;6.855504e-01;5.863088e-01;1.952284e-01;6.321311e-01;2.265979e+00;5.000000e-01;3.750000e-01;1.250000e-01;1.250000e-01;1.428571e-01;5.000000e-01;6.722011e-02;-7.453125e-01;2.327351e-01;-8.149502e-02;-3.253576e-01;1.705860e-01;-9.481572e+01;9.176516e-01;7.326449e+00;9.713604e+01;1.141460e+02;4.274194e-01;0;6.702585e-05;3.714031e-02;3.416068e-02;-8.791714e-06;2.238579e-03;-5.189338e-02;3.253647e-02;4.965832e-01;-100;-100;-100;0;0;0;-100;9.187478e+00;1.091875e+02;2.110426e+01;4.151819e+00;1.909561e+01;6.451613e-02;4.838710e-02;3.225806e-02;2.016129e-02;4.453441e-02;4.065040e-02;1.289124e+02;-1.272572e+00;1.978423e-01;1.718347e-01;-5.133610e-02;-3.670727e-02;1.406151e-02;1.412579e-01;2.296783e-02;2.189612e-02;4.198760e-02;3.750000e-01;7.500000e-01;-8.751707e-02;6.819428e-01;1.195851e-01;-4.491119e-02;2.210801e-01;3.675644e-01;7.722779e-02;2.867487e-01;-1.593554e-04;5.082213e-03;2.921348e-02;5.241568e-03;2.413127e-02;2.937283e-02;-1.635222e-03;4.012964e-02;4.176486e-02;1.678434e-02;5.852845e-01;1.573897e+00;3.750000e-01;3.750000e-01;2.500000e-01;2.500000e-01;5.714286e-01;5.000000e-01;1.354975e-04;-1.196068e+00;4.367030e-01;3.792304e-01;-5.458726e-01;2.429107e-01;4.067225e-05;3.635477e-01;3.264532e-04;6.953714e-04;8.301343e-03;1.293103e-02;0;-1.417436e-04;3.533672e-01;6.902646e-03;2.922777e-06;-8.169052e-04;3.792484e-01;6.765169e-03;2.145636e-01;-1.115422e-04;-5.026463e-06;1.076254e-04;1.065158e-04;1.126518e-04;2.191676e-04;-1.857139e-03;3.153552e-03;5.010691e-03;6.941809e-04;4.227114e+00;3.795357e+01;9.741379e-01;1.724138e-02;8.620690e-03;8.620690e-03;4.588745e-01;5.043478e-01;1.237934e-07;-1.107727e+00;3.625199e-01;3.139324e-01;-8.445591e-02;-8.196165e-02;-3.427274e-05;9.325870e-01;0;3.643697e-05;2.474117e-05;5.000000e-01;0;9.999837e-01;1.470415e-07;1.081060e-14;0;0;1.885252e+00;2.168922e+00;1.597637e-01;-4.045804e-05;-3.427274e-05;-2.808745e-05;6.185295e-06;6.185292e-06;1.237059e-05;-4.639592e-05;-2.214957e-05;2.424635e-05;1.237058e-05;-4.411245e-07;1;5.000000e-01;5.000000e-01;5.000000e-01;5.000000e-01;1;0;1.087898e-09;-4.693760e-01;2.199971e-01;-1.024381e-01;4.625884e-02;-1.779741e-02;-8.261581e-05;1;0;8.261581e-05;0;0;0;0;0;0;0;0;0;0;0;-8.261581e-05;-8.261581e-05;-8.261581e-05;0;0;0;-8.261581e-05;-8.261581e-05;0;0;0;0;0;0;0;0;0;-0;6.825371e-09;0;0;-0;-0;-0;-2.808759e-04;8.289891e-01;0;3.225862e-04;3.667432e-04;5.000000e-01;0;3.560629e-01;8.802204e-03;2.865352e-02;-7.636296e-02;5.850935e-01;-6.756076e-02;2.282222e-02;2.297083e-01;-4.143693e-04;-2.651364e-04;-1.316429e-04;1.492330e-04;1.334935e-04;2.827265e-04;-4.773623e-04;-1.139797e-04;3.633826e-04;1.586526e-04;-1.028963e-01;1.158510e+00;5.000000e-01;5.000000e-01;5.000000e-01;5.000000e-01;6.666667e-01;5.000000e-01;6.087041e-08;-7.524039e-01;3.043549e-01;-2.848593e-01;3.026709e-01;-1.548018e-01;4.630278e-03;7.696015e-01;1.319840e-01;1.604545e-01;5.574526e-01;8.333334e-02;4.166667e-01;-1.697836e-02;7.120984e-01;6.896745e-02;1.362243e-03;-4.830995e-02;8.269809e-01;6.557666e-02;4.418521e-01;-1.208383e-01;2.123676e-02;1.324776e-01;1.420750e-01;1.112408e-01;2.533159e-01;-2.809168e-01;2.725996e-01;5.535165e-01;1.603877e-01;-9.412300e-02;1.958840e+00;7.500000e-01;5.416667e-01;2.500000e-01;8.333334e-02;4.347826e-01;5.000000e-01;1.019310e-03;-2.017927e+00;1.850213e+00;-7.185311e-01;-5.959240e-02;2.259833e-01;4.800000e-02;5.000000e-02;6.000000e-02;4.000000e-02;1.000000e-02;3.194635e-01;7.972974e-01;3.877630e-01;1.671428e-01;1.078453e-01;1.041092e+00;8.524824e-01;5.423067e-01;2.228432e-01;1.697554e+00;3.051312e-01;6.516454e+00;4.009140e+00;5.848555e+00;4.721914e+00;1.271064e-02;1.741107e-01;3.230199e-02;-2.274310e-01;5.812880e-01;-6.184896e-02;2.089721e-02;5.081713e-01;1.110822e+00;9.103104e-01;1.223112e+00;1.412500e-01;8.367533e-02;1.978196e+00;7.956244e-01;1.642743e+00;5.319209e-01;1.478853e+00;6.300504e-01;1.541002e+01;6.447042e+00;1.445566e+01;7.360368e+00;-3.408363e-02;3.364175e-01;4.178444e-02;-1.430846e-01;3.236278e-01;1.879672e-01;3.727032e-02;4.820510e-01;1.439891e-02;6.686676e-01;2.104918e-02;2.350000e-01;1.596611e-01;8.382583e-02;8.860248e-01;4.124985e-02;2.685094e-02;2.864790e+00;1.831456e-01;3.852178e-01;3.934624e-01;3.593389e-01;3.987912e-01;1.698043e-02;1.029762e-01;2.618575e-02;-1.795220e-01;4.657855e-01;-8.327787e-02;1.907977e-02;5.213445e-01;2.378860e-01;7.075918e-01;3.240232e-01;2.587500e-01;1.493685e-01;6.204861e-01;8.254042e-01;3.832948e-01;1.454088e-01;1.611254e+00;1.288684e-01;2.721066e+00;1.453566e+00;2.236901e+00;2.069101e+00;1.618764e-03;2.622313e-01;8.564838e-02;-2.954283e-01;7.401896e-01;-4.427557e-02;6.640453e-02;4.990779e-01;1.332633e-01;9.560257e-01;1.399113e-01;1.513333e-01;8.117471e-02;1.448743e-01;7.293819e-01;1.732965e-01;4.003327e-02;1.300407e+00;3.041772e-01;9.569306e-01;4.644553e-01;1.159370e+00;6.709909e-01;-1.802587e-03;3.162515e-01;4.603061e-02;-1.110613e-01;2.758506e-01;2.010255e-01;4.331096e-02;4.974460e-01;2.940879e-01;9.212718e-01;3.248909e-01;2.500000e-01;1.467566e-01;6.780958e-01;7.948819e-01;4.695236e-01;1.754357e-01;1.596542e+00;1.787752e-01;3.051959e+00;3.147734e+00;2.426513e+00;2.193988e+00;-4.775369e-03;2.089732e-01;2.618740e-02;-8.064079e-02;1.968266e-01;1.253084e-01;2.475357e-02;4.951106e-01;4.508741e-01;9.152762e-01;4.988742e-01;1.909091e-01;9.712819e-02;9.460722e-01;8.103727e-01;6.986904e-01;2.478164e-01;1.549635e+00;3.994851e-01;3.996125e+00;2.595340e+00;4.681230e+00;3.270780e+00;6.140647e-03;2.532580e-01;3.342839e-02;-1.045832e-01;2.675986e-01;1.447529e-01;3.101675e-02;5.013337e-01;6.212797e-01;8.816834e-01;7.266508e-01;2.425000e-01;1.839667e-01;1.815504e+00;7.531803e-01;1.326779e+00;7.054994e-01;2.135558e+00;1.875410e-01;1.185183e+01;9.738238e+00;9.148754e+00;4.530312e+00;-1.120235e-02;1.896295e-01;2.437925e-02;-9.402527e-02;2.238608e-01;9.207824e-02;2.242996e-02;4.889171e-01;7.939479e-01;8.199126e-01;1.050087e+00;3.233333e-01;2.165897e-01;4.257734e+00;8.398279e-01;2.103850e+00;1.309902e+00;2.649859e+00;8.902778e-02;1.817354e+01;2.358547e+01;1.223887e+01;1.113653e+01;-9.756868e-03;1.245637e-01;1.832679e-02;-8.443163e-02;2.013222e-01;3.696586e-02;1.675499e-02;4.849765e-01;9.680136e-01;7.792923e-01;1.457868e+00;4.850000e-01;2.900431e-01;7.668018e+00;8.947074e-01;3.484507e+00;2.516494e+00;3.599647e+00;4.897580e-02;3.355674e+01;5.161502e+01;1.164731e+01;9.275018e+00;-1.152050e-02;9.798606e-02;1.610859e-02;-6.520034e-02;1.514804e-01;3.034070e-02;1.517128e-02;4.766737e-01;9.768329e-01;8.561903e-01;1.229218e+00;2.825000e-01;1.619606e-01;4.641065e+00;8.405489e-01;2.048456e+00;1.071623e+00;2.097038e+00;1.118191e-01;1.303833e+01;9.941849e+00;1.263146e+01;5.208586e+00;-1.278694e-02;1.490661e-01;1.817704e-02;-6.663048e-02;1.537892e-01;7.993700e-02;1.719815e-02;4.828902e-01;9.917426e-01;9.001765e-01;1.134411e+00;2.054545e-01;1.216485e-01;3.170665e+00;8.398814e-01;1.675653e+00;6.839100e-01;1.689604e+00;1.360458e-01;1.471826e+01;7.938477e+00;1.036268e+01;5.969328e+00;-1.474771e-02;1.858128e-01;2.117010e-02;-8.189173e-02;1.899816e-01;1.008502e-01;1.969144e-02;4.862659e-01;1.050030e+00;9.040440e-01;1.185690e+00;1.883333e-01;1.066016e-01;2.969904e+00;8.243760e-01;1.701459e+00;6.514285e-01;1.620390e+00;2.377730e-01;1.404800e+01;1.015215e+01;1.206641e+01;7.331672e+00;-8.382216e-03;2.055395e-01;2.333185e-02;-8.548913e-02;2.053406e-01;1.168445e-01;2.172043e-02;4.919927e-01;1.130277e+00;9.028898e-01;1.265802e+00;1.883333e-01;1.114924e-01;2.955259e+00;8.281013e-01;1.939128e+00;8.088511e-01;1.715622e+00;2.429295e-01;1.771801e+01;1.281940e+01;1.610067e+01;7.290806e+00;-1.324592e-02;2.158049e-01;2.540533e-02;-7.680831e-02;1.787749e-01;1.361163e-01;2.410454e-02;4.892603e-01;1.180532e+00;9.123895e-01;1.305192e+00;1.553333e-01;8.769645e-02;2.858325e+00;8.680483e-01;1.887175e+00;7.066429e-01;1.598580e+00;3.582592e-01;1.600587e+01;1.180215e+01;1.590735e+01;8.989842e+00;-2.315982e-02;2.548795e-01;2.829709e-02;-7.693905e-02;1.691878e-01;1.750552e-01;2.699188e-02;4.844962e-01;1.266102e+00;8.966750e-01;1.445129e+00;2.080000e-01;1.255388e-01;3.861379e+00;7.993097e-01;2.342335e+00;1.076232e+00;1.850036e+00;2.148804e-01;2.124992e+01;1.618210e+01;1.729214e+01;1.278662e+01;-1.933870e-02;2.004175e-01;2.060203e-02;-7.292151e-02;1.629651e-01;1.247614e-01;1.942956e-02;4.825742e-01;1.346941e+00;9.008098e-01;1.507720e+00;1.684615e-01;1.051035e-01;3.342638e+00;8.184593e-01;2.359519e+00;1.012578e+00;1.751761e+00;3.295776e-01;2.222571e+01;1.340617e+01;2.142224e+01;1.282949e+01;-2.027464e-02;2.429459e-01;2.730102e-02;-7.860461e-02;1.762369e-01;1.613937e-01;2.593868e-02;4.851497e-01;1.405289e+00;9.017044e-01;1.556370e+00;1.513333e-01;8.425622e-02;2.538669e+00;7.377719e-01;2.342500e+00;9.372110e-01;1.666917e+00;5.080169e-01;2.126749e+01;8.556209e+00;2.172383e+01;1.232791e+01;-2.466448e-02;3.086177e-01;3.747071e-02;-9.914733e-02;2.232039e-01;2.057523e-01;3.530326e-02;4.853759e-01;1.448749e+00;8.991639e-01;1.608729e+00;1.412500e-01;8.295330e-02;2.508654e+00;7.965231e-01;2.258337e+00;8.095876e-01;1.558818e+00;6.813579e-01;2.165295e+01;9.674237e+00;2.114424e+01;1.165467e+01;-4.065618e-02;3.602077e-01;4.844308e-02;-1.468306e-01;3.264204e-01;2.078709e-01;4.368949e-02;4.795212e-01;1.537454e+00;8.865089e-01;1.735386e+00;1.506667e-01;9.245539e-02;2.971347e+00;7.545572e-01;2.482445e+00;9.449914e-01;1.614647e+00;6.760586e-01;2.302002e+01;1.190237e+01;2.407504e+01;1.272440e+01;-3.939408e-02;3.233677e-01;4.096046e-02;-1.365744e-01;3.020418e-01;1.816718e-01;3.684777e-02;4.769034e-01;1.561200e+00;8.953128e-01;1.742061e+00;1.412500e-01;8.011710e-02;2.785240e+00;7.213051e-01;2.454953e+00;8.937532e-01;1.572478e+00;6.591772e-01;2.334190e+01;1.101900e+01;2.280004e+01;1.075691e+01;-3.792417e-02;3.362781e-01;3.931322e-02;-1.381032e-01;3.073339e-01;1.929960e-01;3.510793e-02;4.783885e-01;1.590159e+00;8.970804e-01;1.770861e+00;1.255555e-01;7.084150e-02;3.042574e+00;7.617482e-01;2.418725e+00;8.285668e-01;1.521059e+00;6.803706e-01;2.572509e+01;1.018722e+01;2.307579e+01;1.021497e+01;-3.503548e-02;3.209001e-01;3.742484e-02;-1.304809e-01;2.911668e-01;1.855261e-01;3.367095e-02;4.796010e-01;1.609668e+00;8.913096e-01;1.801549e+00;1.189474e-01;7.035526e-02;3.389833e+00;8.069027e-01;2.514790e+00;9.051216e-01;1.562303e+00;5.638181e-01;3.161217e+01;1.556017e+01;2.608259e+01;1.385679e+01;-3.783983e-02;3.042671e-01;3.633571e-02;-1.077078e-01;2.314296e-01;1.925203e-01;3.377782e-02;4.773515e-01;1.594679e+00;8.826911e-01;1.790486e+00;1.255555e-01;7.402035e-02;3.273110e+00;7.981488e-01;2.403746e+00;8.090676e-01;1.507355e+00;3.731077e-01;2.900004e+01;1.421496e+01;2.516361e+01;1.542746e+01;-4.092584e-02;3.268881e-01;3.853514e-02;-1.142680e-01;2.447441e-01;2.083350e-01;3.565618e-02;4.759946e-01;1.500976e+00;8.898166e-01;1.675041e+00;1.231579e-01;7.474425e-02;2.558052e+00;7.267898e-01;2.328845e+00;8.278692e-01;1.551554e+00;7.085214e-01;2.856969e+01;1.536710e+01;2.224115e+01;9.614639e+00;-3.616931e-02;3.526381e-01;4.393968e-02;-1.043682e-01;2.247512e-01;2.443561e-01;4.153795e-02;4.802680e-01;1.416530e+00;8.514846e-01;1.673563e+00;1.746154e-01;1.080899e-01;3.697680e+00;7.920815e-01;2.326853e+00;9.103224e-01;1.642642e+00;1.464566e-01;2.441861e+01;8.115621e+00;2.041396e+01;7.847404e+00;-1.998993e-02;2.406412e-01;3.623550e-02;-8.880933e-02;2.020334e-01;1.485015e-01;3.449648e-02;4.842286e-01;1.301692e+00;8.107371e-01;1.631576e+00;1.883333e-01;1.280082e-01;4.686280e+00;8.145747e-01;2.319071e+00;1.017379e+00;1.781582e+00;1.824622e-01;2.799690e+01;1.693649e+01;1.922579e+01;8.703253e+00;-2.163054e-02;2.056271e-01;2.899037e-02;-8.226448e-02;1.840307e-01;1.202777e-01;2.749822e-02;4.780120e-01;1.078336e+00;8.140681e-01;1.325912e+00;1.600000e-01;9.976896e-02;3.573341e+00;8.199109e-01;1.931654e+00;8.533185e-01;1.791329e+00;1.907316e-01;2.525932e+01;1.630718e+01;1.836555e+01;8.912445e+00;-2.599191e-02;2.202057e-01;3.098334e-02;-9.080841e-02;2.010291e-01;1.259920e-01;2.916515e-02;4.760356e-01;9.150047e-01;7.821294e-01;1.166498e+00;1.725000e-01;1.142639e-01;3.547113e+00;8.496596e-01;1.657445e+00;7.424407e-01;1.811406e+00;2.124258e-01;2.018070e+01;1.401645e+01;1.533055e+01;7.824653e+00;-1.860163e-02;2.047959e-01;2.985437e-02;-9.558304e-02;2.203560e-01;1.056285e-01;2.783995e-02;4.802561e-01;7.177083e-01;8.072969e-01;8.811702e-01;1.513333e-01;9.171210e-02;2.232486e+00;8.544960e-01;1.128622e+00;4.109138e-01;1.572536e+00;2.366321e-01;1.515895e+01;8.015076e+00;1.016162e+01;5.058955e+00;-2.197609e-02;2.437596e-01;3.803547e-02;-1.035450e-01;2.368864e-01;1.363316e-01;3.567148e-02;4.812752e-01;3.197700e-02;5.044622e-02;1.330310e-01;7.200000e-01;5.100000e-01;7.906860e-01;7.497816e-01;6.593267e-01;6.273497e-01;1.447625e+01;2.141488e-04;7.476820e-01;3.235827e-01;1.302887e+00;7.644024e-01;-3.828774e-04;3.069260e-02;1.499401e-02;-5.852740e-02;1.459356e-01;-3.002958e-02;1.423873e-02;4.953669e-01;3.782014e-03;1.354575e-01;1.079261e-02;2.100000e-01;1.723949e-01;6.470424e-02;8.559491e-01;3.161369e-02;2.783168e-02;8.358956e+00;2.895276e-02;5.415900e-01;6.105908e-01;4.612825e-01;4.787247e-01;-1.324239e-03;5.151973e-02;1.787970e-02;-8.478698e-02;2.106432e-01;-3.644675e-02;1.629464e-02;4.924717e-01;1.200656e+03;3.058330e-01;2.302677e+03;1.900000e-01;1.190238e-01;3.968750e+03;6.245902e-01;4.872396e+03;3.671740e+03;4.058112e+00;6.786885e-01;2.039024e+04;1.194729e+04;2.532597e+04;1.270204e+04;2.107391e-02;1.527772e-01;9.538803e-02;-3.047234e-01;7.828823e-01;-1.633733e-01;7.491417e-02;5.213356e-01;1.713728e+03;3.779933e-01;2.848264e+03;2.127273e-01;1.145779e-01;4.958333e+03;7.484276e-01;3.326389e+03;1.612660e+03;1.941024e+00;5.503144e-02;4.095186e+04;2.432536e+04;4.572943e+04;1.763432e+04;1.965317e-02;2.215309e-01;1.177209e-01;-3.018582e-01;7.742988e-01;-9.164702e-02;9.763028e-02;5.138994e-01;2.318767e+03;4.597879e-01;3.426253e+03;1.671428e-01;1.054195e-01;5.458333e+03;7.277778e-01;4.425694e+03;2.106928e+03;1.908642e+00;8.611111e-02;6.789259e+04;4.331739e+04;7.142358e+04;3.417626e+04;1.296370e-02;2.735198e-01;1.130234e-01;-2.690231e-01;6.855214e-01;-5.591614e-03;9.706582e-02;5.067784e-01;3.106698e+03;5.481446e-01;4.141628e+03;1.170000e-01;7.188184e-02;6.656250e+03;8.611860e-01;5.404266e+03;2.297567e+03;1.739553e+00;3.598382e-01;1.133541e+05;4.583110e+04;9.568763e+04;4.912792e+04;-1.590507e-02;3.921765e-01;1.254364e-01;-2.380150e-01;5.791324e-01;1.452359e-01;1.129455e-01;4.897313e-01;1.032042e-01;6.891906e-01;1.398364e-01;2.340000e-01;1.515652e-01;4.623491e-01;8.412573e-01;2.315149e-01;1.283107e-01;2.243270e+00;2.443127e-01;2.799803e+00;1.894132e+00;2.347116e+00;2.468361e+00;2.041377e-02;1.431465e-01;2.925655e-02;-1.984575e-01;5.165575e-01;-6.275308e-02;2.057249e-02;5.207460e-01;1.845038e+03;5.457755e-01;2.719505e+03;1.300000e-01;8.547255e-02;5.165663e+03;8.222203e-01;2.787392e+03;9.423538e+02;1.510750e+00;1.050449e-01;4.876112e+04;1.850826e+04;3.992220e+04;1.826983e+04;9.744281e-03;2.590309e-01;1.010766e-01;-2.743832e-01;6.957024e-01;-2.564172e-02;8.447678e-02;5.049481e-01;4.637276e+00;9.707159e-01;4.771942e+00;1.017391e-01;6.073432e-02;2.742694e+00;6.750847e-01;5.709800e+00;1.072525e+00;1.231283e+00;6.925824e-01;5.168774e+01;2.256813e+01;4.272174e+01;1.935082e+01;-2.184161e-02;4.941907e-01;7.651617e-02;-1.724211e-01;4.092111e-01;3.153038e-01;6.996125e-02;4.940055e-01;2.405480e+06;6.113714e-01;3.133680e+06;9.750000e-02;5.680742e-02;6398253;7.968128e-01;4.955104e+06;2549625;2.059924e+00;2.983016e-01;99842616;46948080;90814112;38757688;-2.758201e-02;3.214500e-01;6.215890e-02;-3.481936e-02;5.946640e-02;2.853249e-01;6.189158e-02;4.787498e-01;4.639998e+00;7.204641e-01;6.368134e+00;1.081818e-01;6.362987e-02;1.142734e+01;6.144233e-01;9.541125e+00;4.901127e+00;2.056278e+00;5.829414e-01;1.474154e+02;5.296697e+01;1.749039e+02;7.916055e+01;3.371094e-02;3.695985e-01;5.440008e-02;1.557769e-01;-3.557314e-01;5.312171e-01;4.904959e-02;5.270573e-01;5.745022e+01;4.928326e-01;8.272428e+01;1.190000e-01;8.438601e-02;2.509198e+02;8.288836e-01;1.400197e+02;8.256948e+01;2.437235e+00;2.900307e-01;2.354549e+03;1.339711e+03;3.108227e+03;1.813283e+03;5.665771e-02;1.136616e-01;3.697466e-02;7.639454e-02;-1.343286e-01;1.929209e-01;3.568786e-02;5.604525e-01;-6.111292e-03;1.457071e-01;2.672772e-02;6.000000e-01;1.984943e-01;1.412813e-02;6.529010e-02;4.457373e-03;1.056867e-02;-7.293667e-01;8.298733e-01;7.471485e-01;9.004490e-01;2.349722e-01;1.147568e-01;-1.676232e-03;9.094143e-01;1.445722e-02;4.975579e-02;-1.260657e-01;9.610359e-01;1.391136e-02;5.177242e-01;1.330704e+00;6.080685e-01;1.898475e+00;1.300000e-01;8.547255e-02;3.563381e+00;8.199245e-01;1.943350e+00;6.126457e-01;1.460392e+00;1.102308e-01;3.261010e+01;1.241597e+01;2.665197e+01;1.227267e+01;1.009011e-02;2.620275e-01;9.701733e-02;-2.740947e-01;6.953269e-01;-2.234576e-02;8.045240e-02;5.049006e-01;1.846924e-02;1.358386e-01;6.210021e-02;7.200000e-01;2.800000e-01;3.579509e-01;7.427957e-01;3.030301e-01;2.845609e-01;1.331334e+01;5.743730e-03;2.428175e-01;1.211097e-01;9.995870e-01;7.114382e-01;1.288903e-03;3.648937e-02;1.513673e-02;-7.120103e-02;1.792915e-01;-3.738169e-02;1.401893e-02;5.050421e-01;8.273033e+00;7.854435e-01;1.481117e+01;1.119048e-01;6.932948e-02;2.173811e+01;4.386910e-01;1.978392e+01;1.151089e+01;2.391374e+00;7.179635e-01;3.822588e+02;1.402550e+02;3.311106e+02;1.258387e+02;6.348284e-03;5.528286e-01;6.144587e-02;1.516780e-01;-3.728467e-01;7.101945e-01;5.637325e-02;5.076661e-01;1.985506e+01;9.263097e-01;2.079767e+01;1.185000e-01;7.309412e-02;2.304138e+01;5.749186e-01;2.487229e+01;5.017229e+00;1.252693e+00;6.788082e-01;2.096022e+02;8.441429e+01;2.571786e+02;1.594189e+02;-1.288088e-02;6.033441e-01;2.376993e-02;1.513667e-04;-1.325929e-02;6.035011e-01;2.376993e-02;4.930184e-01;4.707465e+00;7.294596e-01;9.134468e+00;8.357142e-02;4.373505e-02;2.751610e+01;8.018280e-01;1.094343e+01;6.235965e+00;2.324697e+00;7.782720e-01;2.894854e+02;1.327405e+02;2.788459e+02;1.416420e+02;7.470949e-02;4.253956e-01;4.910468e-02;9.021350e-02;-1.508242e-01;5.189921e-01;4.731023e-02;5.668104e-01;8.955647e+00;7.637789e-01;1.201149e+01;1.195000e-01;6.481705e-02;2.641532e+01;5.549117e-01;1.635419e+01;7.398544e+00;1.826132e+00;7.246453e-01;2.861996e+02;1.429129e+02;2.953366e+02;1.620289e+02;1.813367e-02;6.198187e-01;2.810257e-02;7.365616e-02;-1.660067e-01;6.962370e-01;2.690636e-02;5.104806e-01;1.002707e+00;6.542665e-01;1.154182e+01;1.406250e-01;9.404329e-02;4.808335e+01;7.454157e-01;7.221066e+00;6.218359e+00;7.201575e+00;7.247747e-01;2.909208e+02;1.629775e+02;3.875496e+02;2.100805e+02;-5.692399e-02;6.800066e-01;3.007237e-02;1.829892e-01;-5.143970e-01;8.698579e-01;2.268927e-02;5.246286e-01;-2.655531e+00;6.652389e-01;1.219127e+01;1.341176e-01;7.698470e-02;2.686709e+01;4.050862e-01;7.974296e+00;1.062983e+01;-3.002900e+00;7.300861e-01;3.817620e+02;2.570486e+02;3.974220e+02;2.461694e+02;-2.928068e-02;6.806318e-01;3.173393e-02;1.476408e-01;-3.983827e-01;8.338091e-01;2.692774e-02;5.266936e-01;-3.940095e+00;6.217493e-01;9.903134e+00;1.021739e-01;5.470318e-02;2.786819e+01;6.352870e-01;3.582057e+00;7.522152e+00;-9.091294e-01;6.470097e-01;3.303939e+02;1.497446e+02;3.750345e+02;1.398759e+02;-1.339017e-02;5.694118e-01;4.280293e-02;1.564585e-01;-4.045363e-01;7.317374e-01;3.740552e-02;5.001869e-01;1.791738e+00;6.831219e-01;8.681534e+00;1.072727e-01;6.434990e-02;3.166041e+01;6.430528e-01;1.011965e+01;8.327908e+00;5.647949e+00;5.404098e-01;3.326258e+02;1.610983e+02;3.124321e+02;1.451470e+02;2.381952e-03;4.251190e-01;2.976497e-02;1.698458e-03;-1.864193e-03;4.268812e-01;2.976433e-02;5.133739e-01;-1.217991e+00;7.247064e-01;6.802188e+00;8.285714e-02;5.175491e-02;2.383055e+01;6.929565e-01;4.660736e+00;5.878727e+00;-3.826575e+00;6.723737e-01;3.401784e+02;1.749081e+02;3.300972e+02;1.610879e+02;6.519319e-03;5.134259e-01;3.784710e-02;-1.795962e-01;4.555098e-01;3.270949e-01;3.073526e-02;5.094137e-01;-1.167968e+00;6.725975e-01;6.655042e+00;9.600000e-02;5.762638e-02;2.174615e+01;6.208356e-01;5.188412e+00;6.356380e+00;-4.442255e+00;4.456106e-01;3.653941e+02;1.592219e+02;3.075982e+02;1.597270e+02;-2.326424e-02;5.555310e-01;3.470258e-02;-4.677396e-02;9.367067e-02;5.070029e-01;3.422019e-02;5.375121e-01;-8.533891e-01;6.792594e-01;7.180789e+00;9.076923e-02;5.487479e-02;2.192967e+01;5.944787e-01;6.359988e+00;7.213377e+00;-7.452624e+00;7.030007e-01;3.878551e+02;1.863264e+02;3.262313e+02;1.265220e+02;-2.547549e-03;5.168923e-01;3.735386e-02;-1.739168e-01;4.322444e-01;3.364536e-01;3.068470e-02;5.001549e-01;-2.651088e+00;6.596478e-01;7.193337e+00;8.703703e-02;5.024631e-02;2.425862e+01;6.166581e-01;4.350877e+00;7.001965e+00;-1.641167e+00;5.448838e-01;3.685627e+02;1.898750e+02;3.750320e+02;1.619000e+02;2.280606e-02;4.466649e-01;2.862162e-02;4.213129e-02;-8.252217e-02;4.903761e-01;2.823024e-02;5.224652e-01;-1.840981e+00;6.994810e-01;6.043204e+00;9.159999e-02;5.733411e-02;2.579083e+01;7.446769e-01;3.273271e+00;5.114252e+00;-1.778004e+00;4.952162e-01;2.652315e+02;9.776139e+01;2.666772e+02;1.333689e+02;2.993240e-02;3.481935e-01;2.715074e-02;-1.008742e-01;2.821179e-01;2.435366e-01;2.490712e-02;5.019770e-01;-2.735079e+00;6.688018e-01;5.791021e+00;9.269231e-02;5.082892e-02;9.995954e+00;2.820972e-01;2.623484e+00;5.358562e+00;-9.591987e-01;6.191770e-01;2.315590e+02;1.096233e+02;2.544485e+02;1.178187e+02;-3.905561e-02;6.163266e-01;1.995046e-02;3.924559e-02;-1.371696e-01;6.570439e-01;1.961086e-02;5.214018e-01;5.625837e-01;3.605221e-02;5.060196e-02;1.231579e-01;7.755973e-02;1.452318e-01;3.707033e-01;6.710238e-02;6.653190e-02;1.954889e+01;5.696675e-01;2.581313e+00;1.949544e+00;3.519431e+00;2.138469e+00;5.963814e-01;1.100606e-01;1.391096e-01;1.130000e-01;5.721014e-02;3.172089e-01;3.757231e-01;1.862599e-01;1.852246e-01;1.984145e+01;5.596961e-01;6.559267e+00;3.113738e+00;8.230680e+00;4.697498e+00;4.013060e-01;1.762568e-03;3.426282e-03;2.028572e-01;1.459592e-01;1.687208e-02;4.482421e-01;5.686728e-03;5.676347e-03;1.999723e+01;4.442195e-01;1.698373e-01;1.751388e-01;2.060645e-01;1.687225e-01;4.759434e-01;2.098997e-02;3.451919e-02;2.190000e-01;1.357976e-01;8.194445e-02;4.023871e-01;4.388257e-02;4.367940e-02;1.990594e+01;4.322251e-01;1.011006e+00;6.279879e-01;7.074293e-01;6.093450e-01;6.519693e-01;9.201773e-03;1.168031e-02;1.194737e-01;5.981041e-02;2.978108e-02;4.018946e-01;1.359028e-02;1.370007e-02;-1.959752e+01;5.387104e-01;4.007883e-01;2.045457e-01;5.557500e-01;2.113233e-01;5.694721e-01;2.255750e-02;3.268503e-02;1.546154e-01;8.362356e-02;1.696662e-01;6.005942e-01;4.319500e-02;4.322170e-02;-2.000000e+01;3.478362e-01;8.784204e-01;6.286203e-01;1.342267e+00;1.634605e+00;5.376434e-01;3.469932e-02;5.421045e-02;1.623077e-01;8.111283e-02;2.015157e-01;4.682147e-01;7.219623e-02;7.210749e-02;1.999965e+01;4.747439e-01;1.289251e+00;7.663013e-01;2.708173e+00;1.259940e+00;4.685863e-01;6.250041e-02;1.030935e-01;1.763636e-01;1.118034e-01;4.809332e-01;5.400552e-01;1.620142e-01;1.620796e-01;-20;3.654710e-01;3.505736e+00;3.055253e+00;6.084190e+00;2.875954e+00;4.223709e-01;9.915358e-02;1.856240e-01;2.771429e-01;1.610679e-01;1.051874e+00;5.290013e-01;3.299146e-01;3.304492e-01;-1.999845e+01;3.628825e-01;3.697459e+00;3.041596e+00;1.250137e+01;1.056236e+01;3.989802e-01;1.380947e-01;3.021365e-01;5.266666e-01;2.046134e-01;1.890490e+00;5.189751e-01;7.625127e-01;7.628201e-01;-20;3.594797e-01;4.113728e+00;4.479424e+00;2.574807e+01;2.469220e+01;5.096100e-01;1.142300e-01;1.961430e-01;2.825000e-01;1.716646e-01;9.284195e-01;4.543872e-01;3.074869e-01;3.068117e-01;1.999363e+01;4.232932e-01;4.371024e+00;3.299667e+00;1.164517e+01;8.833540e+00;5.384555e-01;1.018145e-01;1.517390e-01;1.412500e-01;7.683180e-02;7.539037e-01;5.857148e-01;1.976199e-01;1.964365e-01;1.980638e+01;3.578294e-01;6.118143e+00;3.271240e+00;7.402006e+00;5.839284e+00;5.377614e-01;9.946127e-02;1.493827e-01;1.329412e-01;7.036238e-02;6.300311e-01;5.099216e-01;2.016361e-01;2.008429e-01;1.994335e+01;4.084666e-01;5.959223e+00;3.526055e+00;7.720043e+00;4.577933e+00;5.551065e-01;1.161275e-01;1.701063e-01;1.194737e-01;8.229566e-02;6.228115e-01;4.896329e-01;2.168561e-01;2.151030e-01;1.959690e+01;4.591832e-01;7.162778e+00;3.251508e+00;9.915602e+00;6.624476e+00;5.896076e-01;1.174064e-01;1.744570e-01;1.189474e-01;6.068629e-02;5.399505e-01;4.540088e-01;2.100858e-01;2.086680e-01;1.973722e+01;4.941796e-01;6.786501e+00;2.870657e+00;1.000821e+01;7.105871e+00;5.526505e-01;1.292652e-01;2.081819e-01;1.825000e-01;9.871043e-02;8.966286e-01;4.919137e-01;3.103664e-01;3.089900e-01;1.991740e+01;4.394107e-01;7.106902e+00;4.971052e+00;1.176975e+01;9.517978e+00;5.843663e-01;1.450023e-01;2.129411e-01;1.412500e-01;7.482271e-02;6.673332e-01;4.307365e-01;2.975915e-01;2.965633e-01;1.996329e+01;4.776101e-01;8.827478e+00;5.146414e+00;1.290006e+01;8.755533e+00;5.722901e-01;1.463222e-01;2.130370e-01;1.189474e-01;6.426875e-02;5.237988e-01;4.103914e-01;2.813200e-01;2.809111e-01;1.999911e+01;5.397717e-01;9.354110e+00;4.308425e+00;1.293127e+01;8.296512e+00;6.001159e-01;1.539883e-01;1.985009e-01;1.189474e-01;6.430106e-02;4.710239e-01;3.937460e-01;2.727457e-01;2.721927e-01;1.999551e+01;5.360807e-01;9.400895e+00;4.526507e+00;1.200397e+01;7.465361e+00;6.206166e-01;1.631188e-01;2.133492e-01;1.189474e-01;6.254306e-02;5.535873e-01;4.184016e-01;2.850377e-01;2.837290e-01;1.990826e+01;5.399234e-01;1.008555e+01;5.319263e+00;1.260670e+01;7.915127e+00;6.050693e-01;1.540674e-01;2.051780e-01;1.255555e-01;6.795514e-02;4.940946e-01;4.304636e-01;2.923067e-01;2.909039e-01;1.989540e+01;4.320345e-01;1.016200e+01;5.026976e+00;1.236542e+01;6.178053e+00;6.628913e-01;1.769942e-01;2.144132e-01;1.076190e-01;5.508188e-02;4.785745e-01;4.101314e-01;3.049312e-01;3.041943e-01;1.999046e+01;5.375423e-01;1.066736e+01;4.811068e+00;1.340189e+01;6.366954e+00;6.217300e-01;2.038593e-01;2.496371e-01;9.416667e-02;4.571196e-02;7.819188e-01;5.005053e-01;3.071654e-01;3.053861e-01;1.982270e+01;4.541741e-01;1.141368e+01;5.473467e+00;1.643986e+01;9.184812e+00;6.343846e-01;1.927277e-01;2.440417e-01;1.076190e-01;5.551858e-02;7.416401e-01;4.948826e-01;3.274265e-01;3.254932e-01;1.981346e+01;4.895091e-01;1.178896e+01;6.779268e+00;1.599448e+01;8.984195e+00;6.233320e-01;1.900705e-01;2.289668e-01;1.027273e-01;5.073835e-02;5.970276e-01;4.541439e-01;3.021591e-01;3.004324e-01;1.982904e+01;4.724737e-01;1.071438e+01;5.792731e+00;1.429265e+01;8.081091e+00;6.426492e-01;1.833853e-01;2.269656e-01;1.189474e-01;6.516121e-02;8.553416e-01;5.213684e-01;3.126637e-01;3.107324e-01;1.979004e+01;4.236888e-01;1.110242e+01;5.726707e+00;1.334127e+01;7.755742e+00;5.791968e-01;1.881925e-01;2.392956e-01;1.189474e-01;6.596398e-02;1.338846e+00;7.003902e-01;3.105887e-01;3.089523e-01;1.986326e+01;3.320442e-01;1.121162e+01;7.224891e+00;1.280822e+01;8.188572e+00;6.048480e-01;1.666570e-01;1.961056e-01;1.189474e-01;6.183259e-02;9.384997e-01;6.846140e-01;2.569346e-01;2.550028e-01;1.965894e+01;3.082419e-01;8.706515e+00;4.879131e+00;1.120753e+01;6.295571e+00;6.264511e-01;1.419067e-01;1.721146e-01;1.255555e-01;6.444923e-02;9.179490e-01;7.301671e-01;2.167200e-01;2.143640e-01;1.924908e+01;2.889173e-01;7.384183e+00;4.378135e+00;9.149526e+00;6.297015e+00;6.605756e-01;1.055543e-01;1.257886e-01;1.189474e-01;6.090272e-02;5.190589e-01;6.201813e-01;1.618880e-01;1.599490e-01;1.909763e+01;4.002413e-01;5.609417e+00;2.841444e+00;7.074091e+00;4.382308e+00;3.316911e-02;1.166909e-02;3.854343e-02;7.200000e-01;5.000000e-02;1.861349e-01;3.705589e-01;1.483610e-01;1.483612e-01;-20;4.368709e-01;2.553171e-01;1.257640e-01;5.990383e+00;4.055790e+00;1.433800e-01;1.375582e-03;3.448036e-03;2.366666e-01;2.049255e-01;1.446885e-02;4.069912e-01;6.913055e-03;6.909149e-03;20;4.919909e-01;2.072526e-01;2.892736e-01;3.985169e-01;2.509434e-01;2.268016e-01;1.828857e+02;3.657431e+02;2.142857e-01;1.306655e-01;1.236458e+03;4.497916e-01;6.515625e+02;6.477096e+02;1.981270e+01;4.285714e-01;1.087587e+04;7.289997e+03;2.419527e+04;1.205130e+04;2.929995e-01;2.834329e+02;4.896868e+02;1.950000e-01;1.073546e-01;1.234375e+03;3.691589e-01;7.820513e+02;7.670497e+02;1.805290e+01;3.962616e-01;1.779310e+04;1.012711e+04;3.463987e+04;1.024442e+04;3.679317e-01;4.397806e+02;6.513456e+02;1.300000e-01;7.842194e-02;1.588542e+03;4.213871e-01;9.238486e+02;9.059938e+02;1.803196e+01;4.481901e-01;3.311573e+04;1.528946e+04;4.498362e+04;1.974984e+04;3.963138e-01;6.179628e+02;8.499808e+02;1.205000e-01;6.496730e-02;1.890625e+03;4.886914e-01;1.239484e+03;1.219659e+03;1.851933e+01;4.046850e-01;4.963281e+04;2.378894e+04;6.168576e+04;2.368419e+04;5.158285e-01;1.394622e-02;2.127811e-02;1.417647e-01;9.985629e-02;8.256775e-02;4.547518e-01;2.682090e-02;2.659193e-02;1.954474e+01;6.557304e-01;1.011965e+00;9.874999e-01;1.665948e+00;1.283634e+00;4.898711e-01;3.100583e+02;4.474655e+02;1.231579e-01;7.466082e-02;1.113737e+03;4.159659e-01;5.550444e+02;5.434874e+02;1.781585e+01;4.775497e-01;1.935261e+04;8.407315e+03;2.763227e+04;1.111234e+04;6.084061e-01;2.819637e-01;3.658032e-01;9.269231e-02;4.867627e-02;8.227842e-01;4.543673e-01;4.513220e-01;4.444311e-01;1.862562e+01;4.737431e-01;2.202491e+01;8.819472e+00;2.453953e+01;1.169374e+01;5.926504e-01;6.487682e+05;7.950518e+05;9.750000e-02;4.750000e-02;2.091363e+06;5.655767e-01;1.048854e+06;1027714;1.791192e+01;3.864415e-01;42224228;20835066;58397016;19087806;5.970023e-01;1.015046e+00;1.311637e+00;1.017391e-01;7.044820e-02;2.807023e+00;4.075022e-01;1.686399e+00;1.712235e+00;-1.861805e+01;5.829428e-01;7.537414e+01;3.638793e+01;8.277144e+01;3.887264e+01;4.730267e-01;1.413601e+01;2.115519e+01;1.175000e-01;7.827036e-02;5.561893e+01;3.966969e-01;2.618452e+01;2.652576e+01;-1.894901e+01;6.281809e-01;1.085232e+03;6.559858e+02;1.515353e+03;8.873851e+02;1.015592e-01;2.110500e-03;7.477976e-03;3.800000e-01;3.106445e-01;4.331933e-02;4.561258e-01;2.044281e-02;2.044073e-02;20;4.340248e-01;7.806182e-01;7.911978e-01;1.501421e-01;2.091861e-01;4.971094e-01;2.042258e-01;2.983015e-01;1.231579e-01;7.437830e-02;7.677168e-01;4.236759e-01;3.694119e-01;3.616412e-01;1.778519e+01;4.686895e-01;1.294659e+01;5.645345e+00;1.825802e+01;6.548565e+00;9.253778e-02;4.660971e-03;1.768859e-02;7.200000e-01;5.000000e-02;9.001553e-02;3.841859e-01;7.148236e-02;7.147945e-02;20;4.361767e-01;1.170769e-01;5.682993e-02;2.643659e+00;2.042382e+00;6.503716e-01;2.540836e+00;3.319467e+00;1.063636e-01;7.567602e-02;1.091820e+01;5.550119e-01;4.128400e+00;4.204312e+00;-1.816874e+01;3.403690e-01;1.878636e+02;6.374740e+01;1.677204e+02;7.584392e+01;6.521257e-01;1.332973e+00;1.786090e+00;9.480000e-02;5.618113e-02;6.803862e+00;5.656799e-01;1.928851e+00;1.955638e+00;-1.882634e+01;4.537231e-01;1.133793e+02;5.613514e+01;9.724300e+01;5.479046e+01;6.664591e-01;1.876545e+00;2.378886e+00;8.629630e-02;4.566984e-02;5.584915e+00;4.146545e-01;2.846728e+00;2.870398e+00;-1.957059e+01;4.804378e-01;1.409752e+02;5.825835e+01;1.320378e+02;5.958918e+01;6.526611e-01;1.782877e+00;2.532373e+00;1.039130e-01;5.392881e-02;8.256132e+00;5.014627e-01;3.036362e+00;2.982271e+00;1.825262e+01;4.922823e-01;1.287220e+02;7.476994e+01;1.289438e+02;7.196714e+01;6.204362e-01;2.029202e+00;2.601492e+00;9.115385e-02;4.944216e-02;7.570254e+00;5.178556e-01;2.952754e+00;2.898916e+00;1.819134e+01;7.170768e-01;1.455010e+02;7.853562e+01;1.466766e+02;6.548067e+01;6.028205e-01;2.122292e+00;3.115733e+00;1.013043e-01;6.001102e-02;7.553368e+00;4.136643e-01;3.772541e+00;3.783222e+00;-1.998216e+01;5.761083e-01;1.715275e+02;7.775320e+01;1.646864e+02;9.778008e+01;6.273208e-01;2.198636e+00;2.804870e+00;9.400000e-02;5.308107e-02;7.302784e+00;5.043595e-01;3.383664e+00;3.445724e+00;-1.817560e+01;4.489932e-01;1.705579e+02;7.797440e+01;1.582012e+02;6.880611e+01;6.378394e-01;2.020091e+00;2.590849e+00;9.458333e-02;4.888513e-02;6.534893e+00;4.438412e-01;3.063574e+00;3.060842e+00;1.999995e+01;7.731286e-01;1.197108e+02;4.877205e+01;1.568061e+02;7.826387e+01;6.598321e-01;1.719499e+00;2.284843e+00;9.739130e-02;5.557229e-02;6.248641e+00;4.223035e-01;2.972800e+00;2.960210e+00;1.992836e+01;4.787751e-01;1.451081e+02;7.089209e+01;1.439800e+02;8.527219e+01;6.875377e-01;2.034984e+00;2.378951e+00;8.607142e-02;4.777311e-02;7.190162e+00;5.250846e-01;2.732456e+00;2.681493e+00;1.813032e+01;4.937748e-01;1.401805e+02;6.441006e+01;1.401617e+02;7.195699e+01;6.582757e-01;1.995446e+00;2.405467e+00;7.633333e-02;4.499506e-02;7.049754e+00;5.861571e-01;2.803729e+00;2.773849e+00;1.927764e+01;5.341734e-01;1.589017e+02;7.216591e+01;1.501060e+02;7.046746e+01;6.865453e-01;1.930506e+00;2.584364e+00;8.357142e-02;4.524874e-02;8.986690e+00;5.514638e-01;2.972737e+00;3.024903e+00;-1.829157e+01;4.802613e-01;1.586222e+02;8.481417e+01;1.650248e+02;8.959638e+01;6.358640e-01;1.318658e+00;1.749232e+00;8.137931e-02;4.502080e-02;5.019727e+00;5.321048e-01;2.035843e+00;2.059596e+00;-1.914062e+01;5.194006e-01;9.989097e+01;4.351862e+01;1.154729e+02;6.021540e+01;6.773073e-01;1.404958e+00;1.765773e+00;8.814815e-02;4.902338e-02;4.458338e+00;4.734943e-01;2.061811e+00;2.122795e+00;-1.661894e+01;5.020599e-01;1.082141e+02;4.971692e+01;1.011168e+02;4.694107e+01
