name;frameTime;audspec_lengthL1norm_sma_range;audspec_lengthL1norm_sma_maxPos;audspec_lengthL1norm_sma_minPos;audspec_lengthL1norm_sma_quartile1;audspec_lengthL1norm_sma_quartile2;audspec_lengthL1norm_sma_quartile3;audspec_lengthL1norm_sma_iqr1-2;audspec_lengthL1norm_sma_iqr2-3;audspec_lengthL1norm_sma_iqr1-3;audspec_lengthL1norm_sma_percentile1.0;audspec_lengthL1norm_sma_percentile99.0;audspec_lengthL1norm_sma_pctlrange0-1;audspec_lengthL1norm_sma_stddev;audspec_lengthL1norm_sma_skewness;audspec_lengthL1norm_sma_kurtosis;audspec_lengthL1norm_sma_meanSegLen;audspec_lengthL1norm_sma_maxSegLen;audspec_lengthL1norm_sma_minSegLen;audspec_lengthL1norm_sma_segLenStddev;audspec_lengthL1norm_sma_upleveltime25;audspec_lengthL1norm_sma_upleveltime50;audspec_lengthL1norm_sma_upleveltime75;audspec_lengthL1norm_sma_upleveltime90;audspec_lengthL1norm_sma_risetime;audspec_lengthL1norm_sma_leftctime;audspec_lengthL1norm_sma_lpgain;audspec_lengthL1norm_sma_lpc0;audspec_lengthL1norm_sma_lpc1;audspec_lengthL1norm_sma_lpc2;audspec_lengthL1norm_sma_lpc3;audspec_lengthL1norm_sma_lpc4;audspecRasta_lengthL1norm_sma_range;audspecRasta_lengthL1norm_sma_maxPos;audspecRasta_lengthL1norm_sma_minPos;audspecRasta_lengthL1norm_sma_quartile1;audspecRasta_lengthL1norm_sma_quartile2;audspecRasta_lengthL1norm_sma_quartile3;audspecRasta_lengthL1norm_sma_iqr1-2;audspecRasta_lengthL1norm_sma_iqr2-3;audspecRasta_lengthL1norm_sma_iqr1-3;audspecRasta_lengthL1norm_sma_percentile1.0;audspecRasta_lengthL1norm_sma_percentile99.0;audspecRasta_lengthL1norm_sma_pctlrange0-1;audspecRasta_lengthL1norm_sma_stddev;audspecRasta_lengthL1norm_sma_skewness;audspecRasta_lengthL1norm_sma_kurtosis;audspecRasta_lengthL1norm_sma_meanSegLen;audspecRasta_lengthL1norm_sma_maxSegLen;audspecRasta_lengthL1norm_sma_minSegLen;audspecRasta_lengthL1norm_sma_segLenStddev;audspecRasta_lengthL1norm_sma_upleveltime25;audspecRasta_lengthL1norm_sma_upleveltime50;audspecRasta_lengthL1norm_sma_upleveltime75;audspecRasta_lengthL1norm_sma_upleveltime90;audspecRasta_lengthL1norm_sma_risetime;audspecRasta_lengthL1norm_sma_leftctime;audspecRasta_lengthL1norm_sma_lpgain;audspecRasta_lengthL1norm_sma_lpc0;audspecRasta_lengthL1norm_sma_lpc1;audspecRasta_lengthL1norm_sma_lpc2;audspecRasta_lengthL1norm_sma_lpc3;audspecRasta_lengthL1norm_sma_lpc4;pcm_RMSenergy_sma_range;pcm_RMSenergy_sma_maxPos;pcm_RMSenergy_sma_minPos;pcm_RMSenergy_sma_quartile1;pcm_RMSenergy_sma_quartile2;pcm_RMSenergy_sma_quartile3;pcm_RMSenergy_sma_iqr1-2;pcm_RMSenergy_sma_iqr2-3;pcm_RMSenergy_sma_iqr1-3;pcm_RMSenergy_sma_percentile1.0;pcm_RMSenergy_sma_percentile99.0;pcm_RMSenergy_sma_pctlrange0-1;pcm_RMSenergy_sma_stddev;pcm_RMSenergy_sma_skewness;pcm_RMSenergy_sma_kurtosis;pcm_RMSenergy_sma_meanSegLen;pcm_RMSenergy_sma_maxSegLen;pcm_RMSenergy_sma_minSegLen;pcm_RMSenergy_sma_segLenStddev;pcm_RMSenergy_sma_upleveltime25;pcm_RMSenergy_sma_upleveltime50;pcm_RMSenergy_sma_upleveltime75;pcm_RMSenergy_sma_upleveltime90;pcm_RMSenergy_sma_risetime;pcm_RMSenergy_sma_leftctime;pcm_RMSenergy_sma_lpgain;pcm_RMSenergy_sma_lpc0;pcm_RMSenergy_sma_lpc1;pcm_RMSenergy_sma_lpc2;pcm_RMSenergy_sma_lpc3;pcm_RMSenergy_sma_lpc4;pcm_zcr_sma_range;pcm_zcr_sma_maxPos;pcm_zcr_sma_minPos;pcm_zcr_sma_quartile1;pcm_zcr_sma_quartile2;pcm_zcr_sma_quartile3;pcm_zcr_sma_iqr1-2;pcm_zcr_sma_iqr2-3;pcm_zcr_sma_iqr1-3;pcm_zcr_sma_percentile1.0;pcm_zcr_sma_percentile99.0;pcm_zcr_sma_pctlrange0-1;pcm_zcr_sma_stddev;pcm_zcr_sma_skewness;pcm_zcr_sma_kurtosis;pcm_zcr_sma_meanSegLen;pcm_zcr_sma_maxSegLen;pcm_zcr_sma_minSegLen;pcm_zcr_sma_segLenStddev;pcm_zcr_sma_upleveltime25;pcm_zcr_sma_upleveltime50;pcm_zcr_sma_upleveltime75;pcm_zcr_sma_upleveltime90;pcm_zcr_sma_risetime;pcm_zcr_sma_leftctime;pcm_zcr_sma_lpgain;pcm_zcr_sma_lpc0;pcm_zcr_sma_lpc1;pcm_zcr_sma_lpc2;pcm_zcr_sma_lpc3;pcm_zcr_sma_lpc4;audspec_lengthL1norm_sma_de_range;audspec_lengthL1norm_sma_de_maxPos;audspec_lengthL1norm_sma_de_minPos;audspec_lengthL1norm_sma_de_quartile1;audspec_lengthL1norm_sma_de_quartile2;audspec_lengthL1norm_sma_de_quartile3;audspec_lengthL1norm_sma_de_iqr1-2;audspec_lengthL1norm_sma_de_iqr2-3;audspec_lengthL1norm_sma_de_iqr1-3;audspec_lengthL1norm_sma_de_percentile1.0;audspec_lengthL1norm_sma_de_percentile99.0;audspec_lengthL1norm_sma_de_pctlrange0-1;audspec_lengthL1norm_sma_de_stddev;audspec_lengthL1norm_sma_de_skewness;audspec_lengthL1norm_sma_de_kurtosis;audspec_lengthL1norm_sma_de_meanSegLen;audspec_lengthL1norm_sma_de_maxSegLen;audspec_lengthL1norm_sma_de_minSegLen;audspec_lengthL1norm_sma_de_segLenStddev;audspec_lengthL1norm_sma_de_upleveltime25;audspec_lengthL1norm_sma_de_upleveltime50;audspec_lengthL1norm_sma_de_upleveltime75;audspec_lengthL1norm_sma_de_upleveltime90;audspec_lengthL1norm_sma_de_risetime;audspec_lengthL1norm_sma_de_leftctime;audspec_lengthL1norm_sma_de_lpgain;audspec_lengthL1norm_sma_de_lpc0;audspec_lengthL1norm_sma_de_lpc1;audspec_lengthL1norm_sma_de_lpc2;audspec_lengthL1norm_sma_de_lpc3;audspec_lengthL1norm_sma_de_lpc4;audspecRasta_lengthL1norm_sma_de_range;audspecRasta_lengthL1norm_sma_de_maxPos;audspecRasta_lengthL1norm_sma_de_minPos;audspecRasta_lengthL1norm_sma_de_quartile1;audspecRasta_lengthL1norm_sma_de_quartile2;audspecRasta_lengthL1norm_sma_de_quartile3;audspecRasta_lengthL1norm_sma_de_iqr1-2;audspecRasta_lengthL1norm_sma_de_iqr2-3;audspecRasta_lengthL1norm_sma_de_iqr1-3;audspecRasta_lengthL1norm_sma_de_percentile1.0;audspecRasta_lengthL1norm_sma_de_percentile99.0;audspecRasta_lengthL1norm_sma_de_pctlrange0-1;audspecRasta_lengthL1norm_sma_de_stddev;audspecRasta_lengthL1norm_sma_de_skewness;audspecRasta_lengthL1norm_sma_de_kurtosis;audspecRasta_lengthL1norm_sma_de_meanSegLen;audspecRasta_lengthL1norm_sma_de_maxSegLen;audspecRasta_lengthL1norm_sma_de_minSegLen;audspecRasta_lengthL1norm_sma_de_segLenStddev;audspecRasta_lengthL1norm_sma_de_upleveltime25;audspecRasta_lengthL1norm_sma_de_upleveltime50;audspecRasta_lengthL1norm_sma_de_upleveltime75;audspecRasta_lengthL1norm_sma_de_upleveltime90;audspecRasta_lengthL1norm_sma_de_risetime;audspecRasta_lengthL1norm_sma_de_leftctime;audspecRasta_lengthL1norm_sma_de_lpgain;audspecRasta_lengthL1norm_sma_de_lpc0;audspecRasta_lengthL1norm_sma_de_lpc1;audspecRasta_lengthL1norm_sma_de_lpc2;audspecRasta_lengthL1norm_sma_de_lpc3;audspecRasta_lengthL1norm_sma_de_lpc4;pcm_RMSenergy_sma_de_range;pcm_RMSenergy_sma_de_maxPos;pcm_RMSenergy_sma_de_minPos;pcm_RMSenergy_sma_de_quartile1;pcm_RMSenergy_sma_de_quartile2;pcm_RMSenergy_sma_de_quartile3;pcm_RMSenergy_sma_de_iqr1-2;pcm_RMSenergy_sma_de_iqr2-3;pcm_RMSenergy_sma_de_iqr1-3;pcm_RMSenergy_sma_de_percentile1.0;pcm_RMSenergy_sma_de_percentile99.0;pcm_RMSenergy_sma_de_pctlrange0-1;pcm_RMSenergy_sma_de_stddev;pcm_RMSenergy_sma_de_skewness;pcm_RMSenergy_sma_de_kurtosis;pcm_RMSenergy_sma_de_meanSegLen;pcm_RMSenergy_sma_de_maxSegLen;pcm_RMSenergy_sma_de_minSegLen;pcm_RMSenergy_sma_de_segLenStddev;pcm_RMSenergy_sma_de_upleveltime25;pcm_RMSenergy_sma_de_upleveltime50;pcm_RMSenergy_sma_de_upleveltime75;pcm_RMSenergy_sma_de_upleveltime90;pcm_RMSenergy_sma_de_risetime;pcm_RMSenergy_sma_de_leftctime;pcm_RMSenergy_sma_de_lpgain;pcm_RMSenergy_sma_de_lpc0;pcm_RMSenergy_sma_de_lpc1;pcm_RMSenergy_sma_de_lpc2;pcm_RMSenergy_sma_de_lpc3;pcm_RMSenergy_sma_de_lpc4;pcm_zcr_sma_de_range;pcm_zcr_sma_de_maxPos;pcm_zcr_sma_de_minPos;pcm_zcr_sma_de_quartile1;pcm_zcr_sma_de_quartile2;pcm_zcr_sma_de_quartile3;pcm_zcr_sma_de_iqr1-2;pcm_zcr_sma_de_iqr2-3;pcm_zcr_sma_de_iqr1-3;pcm_zcr_sma_de_percentile1.0;pcm_zcr_sma_de_percentile99.0;pcm_zcr_sma_de_pctlrange0-1;pcm_zcr_sma_de_stddev;pcm_zcr_sma_de_skewness;pcm_zcr_sma_de_kurtosis;pcm_zcr_sma_de_meanSegLen;pcm_zcr_sma_de_maxSegLen;pcm_zcr_sma_de_minSegLen;pcm_zcr_sma_de_segLenStddev;pcm_zcr_sma_de_upleveltime25;pcm_zcr_sma_de_upleveltime50;pcm_zcr_sma_de_upleveltime75;pcm_zcr_sma_de_upleveltime90;pcm_zcr_sma_de_risetime;pcm_zcr_sma_de_leftctime;pcm_zcr_sma_de_lpgain;pcm_zcr_sma_de_lpc0;pcm_zcr_sma_de_lpc1;pcm_zcr_sma_de_lpc2;pcm_zcr_sma_de_lpc3;pcm_zcr_sma_de_lpc4;audSpec_Rfilt_sma[0]_range;audSpec_Rfilt_sma[0]_maxPos;audSpec_Rfilt_sma[0]_minPos;audSpec_Rfilt_sma[0]_quartile1;audSpec_Rfilt_sma[0]_quartile2;audSpec_Rfilt_sma[0]_quartile3;audSpec_Rfilt_sma[0]_iqr1-2;audSpec_Rfilt_sma[0]_iqr2-3;audSpec_Rfilt_sma[0]_iqr1-3;audSpec_Rfilt_sma[0]_percentile1.0;audSpec_Rfilt_sma[0]_percentile99.0;audSpec_Rfilt_sma[0]_pctlrange0-1;audSpec_Rfilt_sma[0]_stddev;audSpec_Rfilt_sma[0]_skewness;audSpec_Rfilt_sma[0]_kurtosis;audSpec_Rfilt_sma[0]_meanSegLen;audSpec_Rfilt_sma[0]_maxSegLen;audSpec_Rfilt_sma[0]_minSegLen;audSpec_Rfilt_sma[0]_segLenStddev;audSpec_Rfilt_sma[0]_upleveltime25;audSpec_Rfilt_sma[0]_upleveltime50;audSpec_Rfilt_sma[0]_upleveltime75;audSpec_Rfilt_sma[0]_upleveltime90;audSpec_Rfilt_sma[0]_risetime;audSpec_Rfilt_sma[0]_leftctime;audSpec_Rfilt_sma[0]_lpgain;audSpec_Rfilt_sma[0]_lpc0;audSpec_Rfilt_sma[0]_lpc1;audSpec_Rfilt_sma[0]_lpc2;audSpec_Rfilt_sma[0]_lpc3;audSpec_Rfilt_sma[0]_lpc4;audSpec_Rfilt_sma[1]_range;audSpec_Rfilt_sma[1]_maxPos;audSpec_Rfilt_sma[1]_minPos;audSpec_Rfilt_sma[1]_quartile1;audSpec_Rfilt_sma[1]_quartile2;audSpec_Rfilt_sma[1]_quartile3;audSpec_Rfilt_sma[1]_iqr1-2;audSpec_Rfilt_sma[1]_iqr2-3;audSpec_Rfilt_sma[1]_iqr1-3;audSpec_Rfilt_sma[1]_percentile1.0;audSpec_Rfilt_sma[1]_percentile99.0;audSpec_Rfilt_sma[1]_pctlrange0-1;audSpec_Rfilt_sma[1]_stddev;audSpec_Rfilt_sma[1]_skewness;audSpec_Rfilt_sma[1]_kurtosis;audSpec_Rfilt_sma[1]_meanSegLen;audSpec_Rfilt_sma[1]_maxSegLen;audSpec_Rfilt_sma[1]_minSegLen;audSpec_Rfilt_sma[1]_segLenStddev;audSpec_Rfilt_sma[1]_upleveltime25;audSpec_Rfilt_sma[1]_upleveltime50;audSpec_Rfilt_sma[1]_upleveltime75;audSpec_Rfilt_sma[1]_upleveltime90;audSpec_Rfilt_sma[1]_risetime;audSpec_Rfilt_sma[1]_leftctime;audSpec_Rfilt_sma[1]_lpgain;audSpec_Rfilt_sma[1]_lpc0;audSpec_Rfilt_sma[1]_lpc1;audSpec_Rfilt_sma[1]_lpc2;audSpec_Rfilt_sma[1]_lpc3;audSpec_Rfilt_sma[1]_lpc4;audSpec_Rfilt_sma[2]_range;audSpec_Rfilt_sma[2]_maxPos;audSpec_Rfilt_sma[2]_minPos;audSpec_Rfilt_sma[2]_quartile1;audSpec_Rfilt_sma[2]_quartile2;audSpec_Rfilt_sma[2]_quartile3;audSpec_Rfilt_sma[2]_iqr1-2;audSpec_Rfilt_sma[2]_iqr2-3;audSpec_Rfilt_sma[2]_iqr1-3;audSpec_Rfilt_sma[2]_percentile1.0;audSpec_Rfilt_sma[2]_percentile99.0;audSpec_Rfilt_sma[2]_pctlrange0-1;audSpec_Rfilt_sma[2]_stddev;audSpec_Rfilt_sma[2]_skewness;audSpec_Rfilt_sma[2]_kurtosis;audSpec_Rfilt_sma[2]_meanSegLen;audSpec_Rfilt_sma[2]_maxSegLen;audSpec_Rfilt_sma[2]_minSegLen;audSpec_Rfilt_sma[2]_segLenStddev;audSpec_Rfilt_sma[2]_upleveltime25;audSpec_Rfilt_sma[2]_upleveltime50;audSpec_Rfilt_sma[2]_upleveltime75;audSpec_Rfilt_sma[2]_upleveltime90;audSpec_Rfilt_sma[2]_risetime;audSpec_Rfilt_sma[2]_leftctime;audSpec_Rfilt_sma[2]_lpgain;audSpec_Rfilt_sma[2]_lpc0;audSpec_Rfilt_sma[2]_lpc1;audSpec_Rfilt_sma[2]_lpc2;audSpec_Rfilt_sma[2]_lpc3;audSpec_Rfilt_sma[2]_lpc4;audSpec_Rfilt_sma[3]_range;audSpec_Rfilt_sma[3]_maxPos;audSpec_Rfilt_sma[3]_minPos;audSpec_Rfilt_sma[3]_quartile1;audSpec_Rfilt_sma[3]_quartile2;audSpec_Rfilt_sma[3]_quartile3;audSpec_Rfilt_sma[3]_iqr1-2;audSpec_Rfilt_sma[3]_iqr2-3;audSpec_Rfilt_sma[3]_iqr1-3;audSpec_Rfilt_sma[3]_percentile1.0;audSpec_Rfilt_sma[3]_percentile99.0;audSpec_Rfilt_sma[3]_pctlrange0-1;audSpec_Rfilt_sma[3]_stddev;audSpec_Rfilt_sma[3]_skewness;audSpec_Rfilt_sma[3]_kurtosis;audSpec_Rfilt_sma[3]_meanSegLen;audSpec_Rfilt_sma[3]_maxSegLen;audSpec_Rfilt_sma[3]_minSegLen;audSpec_Rfilt_sma[3]_segLenStddev;audSpec_Rfilt_sma[3]_upleveltime25;audSpec_Rfilt_sma[3]_upleveltime50;audSpec_Rfilt_sma[3]_upleveltime75;audSpec_Rfilt_sma[3]_upleveltime90;audSpec_Rfilt_sma[3]_risetime;audSpec_Rfilt_sma[3]_leftctime;audSpec_Rfilt_sma[3]_lpgain;audSpec_Rfilt_sma[3]_lpc0;audSpec_Rfilt_sma[3]_lpc1;audSpec_Rfilt_sma[3]_lpc2;audSpec_Rfilt_sma[3]_lpc3;audSpec_Rfilt_sma[3]_lpc4;audSpec_Rfilt_sma[4]_range;audSpec_Rfilt_sma[4]_maxPos;audSpec_Rfilt_sma[4]_minPos;audSpec_Rfilt_sma[4]_quartile1;audSpec_Rfilt_sma[4]_quartile2;audSpec_Rfilt_sma[4]_quartile3;audSpec_Rfilt_sma[4]_iqr1-2;audSpec_Rfilt_sma[4]_iqr2-3;audSpec_Rfilt_sma[4]_iqr1-3;audSpec_Rfilt_sma[4]_percentile1.0;audSpec_Rfilt_sma[4]_percentile99.0;audSpec_Rfilt_sma[4]_pctlrange0-1;audSpec_Rfilt_sma[4]_stddev;audSpec_Rfilt_sma[4]_skewness;audSpec_Rfilt_sma[4]_kurtosis;audSpec_Rfilt_sma[4]_meanSegLen;audSpec_Rfilt_sma[4]_maxSegLen;audSpec_Rfilt_sma[4]_minSegLen;audSpec_Rfilt_sma[4]_segLenStddev;audSpec_Rfilt_sma[4]_upleveltime25;audSpec_Rfilt_sma[4]_upleveltime50;audSpec_Rfilt_sma[4]_upleveltime75;audSpec_Rfilt_sma[4]_upleveltime90;audSpec_Rfilt_sma[4]_risetime;audSpec_Rfilt_sma[4]_leftctime;audSpec_Rfilt_sma[4]_lpgain;audSpec_Rfilt_sma[4]_lpc0;audSpec_Rfilt_sma[4]_lpc1;audSpec_Rfilt_sma[4]_lpc2;audSpec_Rfilt_sma[4]_lpc3;audSpec_Rfilt_sma[4]_lpc4;audSpec_Rfilt_sma[5]_range;audSpec_Rfilt_sma[5]_maxPos;audSpec_Rfilt_sma[5]_minPos;audSpec_Rfilt_sma[5]_quartile1;audSpec_Rfilt_sma[5]_quartile2;audSpec_Rfilt_sma[5]_quartile3;audSpec_Rfilt_sma[5]_iqr1-2;audSpec_Rfilt_sma[5]_iqr2-3;audSpec_Rfilt_sma[5]_iqr1-3;audSpec_Rfilt_sma[5]_percentile1.0;audSpec_Rfilt_sma[5]_percentile99.0;audSpec_Rfilt_sma[5]_pctlrange0-1;audSpec_Rfilt_sma[5]_stddev;audSpec_Rfilt_sma[5]_skewness;audSpec_Rfilt_sma[5]_kurtosis;audSpec_Rfilt_sma[5]_meanSegLen;audSpec_Rfilt_sma[5]_maxSegLen;audSpec_Rfilt_sma[5]_minSegLen;audSpec_Rfilt_sma[5]_segLenStddev;audSpec_Rfilt_sma[5]_upleveltime25;audSpec_Rfilt_sma[5]_upleveltime50;audSpec_Rfilt_sma[5]_upleveltime75;audSpec_Rfilt_sma[5]_upleveltime90;audSpec_Rfilt_sma[5]_risetime;audSpec_Rfilt_sma[5]_leftctime;audSpec_Rfilt_sma[5]_lpgain;audSpec_Rfilt_sma[5]_lpc0;audSpec_Rfilt_sma[5]_lpc1;audSpec_Rfilt_sma[5]_lpc2;audSpec_Rfilt_sma[5]_lpc3;audSpec_Rfilt_sma[5]_lpc4;audSpec_Rfilt_sma[6]_range;audSpec_Rfilt_sma[6]_maxPos;audSpec_Rfilt_sma[6]_minPos;audSpec_Rfilt_sma[6]_quartile1;audSpec_Rfilt_sma[6]_quartile2;audSpec_Rfilt_sma[6]_quartile3;audSpec_Rfilt_sma[6]_iqr1-2;audSpec_Rfilt_sma[6]_iqr2-3;audSpec_Rfilt_sma[6]_iqr1-3;audSpec_Rfilt_sma[6]_percentile1.0;audSpec_Rfilt_sma[6]_percentile99.0;audSpec_Rfilt_sma[6]_pctlrange0-1;audSpec_Rfilt_sma[6]_stddev;audSpec_Rfilt_sma[6]_skewness;audSpec_Rfilt_sma[6]_kurtosis;audSpec_Rfilt_sma[6]_meanSegLen;audSpec_Rfilt_sma[6]_maxSegLen;audSpec_Rfilt_sma[6]_minSegLen;audSpec_Rfilt_sma[6]_segLenStddev;audSpec_Rfilt_sma[6]_upleveltime25;audSpec_Rfilt_sma[6]_upleveltime50;audSpec_Rfilt_sma[6]_upleveltime75;audSpec_Rfilt_sma[6]_upleveltime90;audSpec_Rfilt_sma[6]_risetime;audSpec_Rfilt_sma[6]_leftctime;audSpec_Rfilt_sma[6]_lpgain;audSpec_Rfilt_sma[6]_lpc0;audSpec_Rfilt_sma[6]_lpc1;audSpec_Rfilt_sma[6]_lpc2;audSpec_Rfilt_sma[6]_lpc3;audSpec_Rfilt_sma[6]_lpc4;audSpec_Rfilt_sma[7]_range;audSpec_Rfilt_sma[7]_maxPos;audSpec_Rfilt_sma[7]_minPos;audSpec_Rfilt_sma[7]_quartile1;audSpec_Rfilt_sma[7]_quartile2;audSpec_Rfilt_sma[7]_quartile3;audSpec_Rfilt_sma[7]_iqr1-2;audSpec_Rfilt_sma[7]_iqr2-3;audSpec_Rfilt_sma[7]_iqr1-3;audSpec_Rfilt_sma[7]_percentile1.0;audSpec_Rfilt_sma[7]_percentile99.0;audSpec_Rfilt_sma[7]_pctlrange0-1;audSpec_Rfilt_sma[7]_stddev;audSpec_Rfilt_sma[7]_skewness;audSpec_Rfilt_sma[7]_kurtosis;audSpec_Rfilt_sma[7]_meanSegLen;audSpec_Rfilt_sma[7]_maxSegLen;audSpec_Rfilt_sma[7]_minSegLen;audSpec_Rfilt_sma[7]_segLenStddev;audSpec_Rfilt_sma[7]_upleveltime25;audSpec_Rfilt_sma[7]_upleveltime50;audSpec_Rfilt_sma[7]_upleveltime75;audSpec_Rfilt_sma[7]_upleveltime90;audSpec_Rfilt_sma[7]_risetime;audSpec_Rfilt_sma[7]_leftctime;audSpec_Rfilt_sma[7]_lpgain;audSpec_Rfilt_sma[7]_lpc0;audSpec_Rfilt_sma[7]_lpc1;audSpec_Rfilt_sma[7]_lpc2;audSpec_Rfilt_sma[7]_lpc3;audSpec_Rfilt_sma[7]_lpc4;audSpec_Rfilt_sma[8]_range;audSpec_Rfilt_sma[8]_maxPos;audSpec_Rfilt_sma[8]_minPos;audSpec_Rfilt_sma[8]_quartile1;audSpec_Rfilt_sma[8]_quartile2;audSpec_Rfilt_sma[8]_quartile3;audSpec_Rfilt_sma[8]_iqr1-2;audSpec_Rfilt_sma[8]_iqr2-3;audSpec_Rfilt_sma[8]_iqr1-3;audSpec_Rfilt_sma[8]_percentile1.0;audSpec_Rfilt_sma[8]_percentile99.0;audSpec_Rfilt_sma[8]_pctlrange0-1;audSpec_Rfilt_sma[8]_stddev;audSpec_Rfilt_sma[8]_skewness;audSpec_Rfilt_sma[8]_kurtosis;audSpec_Rfilt_sma[8]_meanSegLen;audSpec_Rfilt_sma[8]_maxSegLen;audSpec_Rfilt_sma[8]_minSegLen;audSpec_Rfilt_sma[8]_segLenStddev;audSpec_Rfilt_sma[8]_upleveltime25;audSpec_Rfilt_sma[8]_upleveltime50;audSpec_Rfilt_sma[8]_upleveltime75;audSpec_Rfilt_sma[8]_upleveltime90;audSpec_Rfilt_sma[8]_risetime;audSpec_Rfilt_sma[8]_leftctime;audSpec_Rfilt_sma[8]_lpgain;audSpec_Rfilt_sma[8]_lpc0;audSpec_Rfilt_sma[8]_lpc1;audSpec_Rfilt_sma[8]_lpc2;audSpec_Rfilt_sma[8]_lpc3;audSpec_Rfilt_sma[8]_lpc4;audSpec_Rfilt_sma[9]_range;audSpec_Rfilt_sma[9]_maxPos;audSpec_Rfilt_sma[9]_minPos;audSpec_Rfilt_sma[9]_quartile1;audSpec_Rfilt_sma[9]_quartile2;audSpec_Rfilt_sma[9]_quartile3;audSpec_Rfilt_sma[9]_iqr1-2;audSpec_Rfilt_sma[9]_iqr2-3;audSpec_Rfilt_sma[9]_iqr1-3;audSpec_Rfilt_sma[9]_percentile1.0;audSpec_Rfilt_sma[9]_percentile99.0;audSpec_Rfilt_sma[9]_pctlrange0-1;audSpec_Rfilt_sma[9]_stddev;audSpec_Rfilt_sma[9]_skewness;audSpec_Rfilt_sma[9]_kurtosis;audSpec_Rfilt_sma[9]_meanSegLen;audSpec_Rfilt_sma[9]_maxSegLen;audSpec_Rfilt_sma[9]_minSegLen;audSpec_Rfilt_sma[9]_segLenStddev;audSpec_Rfilt_sma[9]_upleveltime25;audSpec_Rfilt_sma[9]_upleveltime50;audSpec_Rfilt_sma[9]_upleveltime75;audSpec_Rfilt_sma[9]_upleveltime90;audSpec_Rfilt_sma[9]_risetime;audSpec_Rfilt_sma[9]_leftctime;audSpec_Rfilt_sma[9]_lpgain;audSpec_Rfilt_sma[9]_lpc0;audSpec_Rfilt_sma[9]_lpc1;audSpec_Rfilt_sma[9]_lpc2;audSpec_Rfilt_sma[9]_lpc3;audSpec_Rfilt_sma[9]_lpc4;audSpec_Rfilt_sma[10]_range;audSpec_Rfilt_sma[10]_maxPos;audSpec_Rfilt_sma[10]_minPos;audSpec_Rfilt_sma[10]_quartile1;audSpec_Rfilt_sma[10]_quartile2;audSpec_Rfilt_sma[10]_quartile3;audSpec_Rfilt_sma[10]_iqr1-2;audSpec_Rfilt_sma[10]_iqr2-3;audSpec_Rfilt_sma[10]_iqr1-3;audSpec_Rfilt_sma[10]_percentile1.0;audSpec_Rfilt_sma[10]_percentile99.0;audSpec_Rfilt_sma[10]_pctlrange0-1;audSpec_Rfilt_sma[10]_stddev;audSpec_Rfilt_sma[10]_skewness;audSpec_Rfilt_sma[10]_kurtosis;audSpec_Rfilt_sma[10]_meanSegLen;audSpec_Rfilt_sma[10]_maxSegLen;audSpec_Rfilt_sma[10]_minSegLen;audSpec_Rfilt_sma[10]_segLenStddev;audSpec_Rfilt_sma[10]_upleveltime25;audSpec_Rfilt_sma[10]_upleveltime50;audSpec_Rfilt_sma[10]_upleveltime75;audSpec_Rfilt_sma[10]_upleveltime90;audSpec_Rfilt_sma[10]_risetime;audSpec_Rfilt_sma[10]_leftctime;audSpec_Rfilt_sma[10]_lpgain;audSpec_Rfilt_sma[10]_lpc0;audSpec_Rfilt_sma[10]_lpc1;audSpec_Rfilt_sma[10]_lpc2;audSpec_Rfilt_sma[10]_lpc3;audSpec_Rfilt_sma[10]_lpc4;audSpec_Rfilt_sma[11]_range;audSpec_Rfilt_sma[11]_maxPos;audSpec_Rfilt_sma[11]_minPos;audSpec_Rfilt_sma[11]_quartile1;audSpec_Rfilt_sma[11]_quartile2;audSpec_Rfilt_sma[11]_quartile3;audSpec_Rfilt_sma[11]_iqr1-2;audSpec_Rfilt_sma[11]_iqr2-3;audSpec_Rfilt_sma[11]_iqr1-3;audSpec_Rfilt_sma[11]_percentile1.0;audSpec_Rfilt_sma[11]_percentile99.0;audSpec_Rfilt_sma[11]_pctlrange0-1;audSpec_Rfilt_sma[11]_stddev;audSpec_Rfilt_sma[11]_skewness;audSpec_Rfilt_sma[11]_kurtosis;audSpec_Rfilt_sma[11]_meanSegLen;audSpec_Rfilt_sma[11]_maxSegLen;audSpec_Rfilt_sma[11]_minSegLen;audSpec_Rfilt_sma[11]_segLenStddev;audSpec_Rfilt_sma[11]_upleveltime25;audSpec_Rfilt_sma[11]_upleveltime50;audSpec_Rfilt_sma[11]_upleveltime75;audSpec_Rfilt_sma[11]_upleveltime90;audSpec_Rfilt_sma[11]_risetime;audSpec_Rfilt_sma[11]_leftctime;audSpec_Rfilt_sma[11]_lpgain;audSpec_Rfilt_sma[11]_lpc0;audSpec_Rfilt_sma[11]_lpc1;audSpec_Rfilt_sma[11]_lpc2;audSpec_Rfilt_sma[11]_lpc3;audSpec_Rfilt_sma[11]_lpc4;audSpec_Rfilt_sma[12]_range;audSpec_Rfilt_sma[12]_maxPos;audSpec_Rfilt_sma[12]_minPos;audSpec_Rfilt_sma[12]_quartile1;audSpec_Rfilt_sma[12]_quartile2;audSpec_Rfilt_sma[12]_quartile3;audSpec_Rfilt_sma[12]_iqr1-2;audSpec_Rfilt_sma[12]_iqr2-3;audSpec_Rfilt_sma[12]_iqr1-3;audSpec_Rfilt_sma[12]_percentile1.0;audSpec_Rfilt_sma[12]_percentile99.0;audSpec_Rfilt_sma[12]_pctlrange0-1;audSpec_Rfilt_sma[12]_stddev;audSpec_Rfilt_sma[12]_skewness;audSpec_Rfilt_sma[12]_kurtosis;audSpec_Rfilt_sma[12]_meanSegLen;audSpec_Rfilt_sma[12]_maxSegLen;audSpec_Rfilt_sma[12]_minSegLen;audSpec_Rfilt_sma[12]_segLenStddev;audSpec_Rfilt_sma[12]_upleveltime25;audSpec_Rfilt_sma[12]_upleveltime50;audSpec_Rfilt_sma[12]_upleveltime75;audSpec_Rfilt_sma[12]_upleveltime90;audSpec_Rfilt_sma[12]_risetime;audSpec_Rfilt_sma[12]_leftctime;audSpec_Rfilt_sma[12]_lpgain;audSpec_Rfilt_sma[12]_lpc0;audSpec_Rfilt_sma[12]_lpc1;audSpec_Rfilt_sma[12]_lpc2;audSpec_Rfilt_sma[12]_lpc3;audSpec_Rfilt_sma[12]_lpc4;audSpec_Rfilt_sma[13]_range;audSpec_Rfilt_sma[13]_maxPos;audSpec_Rfilt_sma[13]_minPos;audSpec_Rfilt_sma[13]_quartile1;audSpec_Rfilt_sma[13]_quartile2;audSpec_Rfilt_sma[13]_quartile3;audSpec_Rfilt_sma[13]_iqr1-2;audSpec_Rfilt_sma[13]_iqr2-3;audSpec_Rfilt_sma[13]_iqr1-3;audSpec_Rfilt_sma[13]_percentile1.0;audSpec_Rfilt_sma[13]_percentile99.0;audSpec_Rfilt_sma[13]_pctlrange0-1;audSpec_Rfilt_sma[13]_stddev;audSpec_Rfilt_sma[13]_skewness;audSpec_Rfilt_sma[13]_kurtosis;audSpec_Rfilt_sma[13]_meanSegLen;audSpec_Rfilt_sma[13]_maxSegLen;audSpec_Rfilt_sma[13]_minSegLen;audSpec_Rfilt_sma[13]_segLenStddev;audSpec_Rfilt_sma[13]_upleveltime25;audSpec_Rfilt_sma[13]_upleveltime50;audSpec_Rfilt_sma[13]_upleveltime75;audSpec_Rfilt_sma[13]_upleveltime90;audSpec_Rfilt_sma[13]_risetime;audSpec_Rfilt_sma[13]_leftctime;audSpec_Rfilt_sma[13]_lpgain;audSpec_Rfilt_sma[13]_lpc0;audSpec_Rfilt_sma[13]_lpc1;audSpec_Rfilt_sma[13]_lpc2;audSpec_Rfilt_sma[13]_lpc3;audSpec_Rfilt_sma[13]_lpc4;audSpec_Rfilt_sma[14]_range;audSpec_Rfilt_sma[14]_maxPos;audSpec_Rfilt_sma[14]_minPos;audSpec_Rfilt_sma[14]_quartile1;audSpec_Rfilt_sma[14]_quartile2;audSpec_Rfilt_sma[14]_quartile3;audSpec_Rfilt_sma[14]_iqr1-2;audSpec_Rfilt_sma[14]_iqr2-3;audSpec_Rfilt_sma[14]_iqr1-3;audSpec_Rfilt_sma[14]_percentile1.0;audSpec_Rfilt_sma[14]_percentile99.0;audSpec_Rfilt_sma[14]_pctlrange0-1;audSpec_Rfilt_sma[14]_stddev;audSpec_Rfilt_sma[14]_skewness;audSpec_Rfilt_sma[14]_kurtosis;audSpec_Rfilt_sma[14]_meanSegLen;audSpec_Rfilt_sma[14]_maxSegLen;audSpec_Rfilt_sma[14]_minSegLen;audSpec_Rfilt_sma[14]_segLenStddev;audSpec_Rfilt_sma[14]_upleveltime25;audSpec_Rfilt_sma[14]_upleveltime50;audSpec_Rfilt_sma[14]_upleveltime75;audSpec_Rfilt_sma[14]_upleveltime90;audSpec_Rfilt_sma[14]_risetime;audSpec_Rfilt_sma[14]_leftctime;audSpec_Rfilt_sma[14]_lpgain;audSpec_Rfilt_sma[14]_lpc0;audSpec_Rfilt_sma[14]_lpc1;audSpec_Rfilt_sma[14]_lpc2;audSpec_Rfilt_sma[14]_lpc3;audSpec_Rfilt_sma[14]_lpc4;audSpec_Rfilt_sma[15]_range;audSpec_Rfilt_sma[15]_maxPos;audSpec_Rfilt_sma[15]_minPos;audSpec_Rfilt_sma[15]_quartile1;audSpec_Rfilt_sma[15]_quartile2;audSpec_Rfilt_sma[15]_quartile3;audSpec_Rfilt_sma[15]_iqr1-2;audSpec_Rfilt_sma[15]_iqr2-3;audSpec_Rfilt_sma[15]_iqr1-3;audSpec_Rfilt_sma[15]_percentile1.0;audSpec_Rfilt_sma[15]_percentile99.0;audSpec_Rfilt_sma[15]_pctlrange0-1;audSpec_Rfilt_sma[15]_stddev;audSpec_Rfilt_sma[15]_skewness;audSpec_Rfilt_sma[15]_kurtosis;audSpec_Rfilt_sma[15]_meanSegLen;audSpec_Rfilt_sma[15]_maxSegLen;audSpec_Rfilt_sma[15]_minSegLen;audSpec_Rfilt_sma[15]_segLenStddev;audSpec_Rfilt_sma[15]_upleveltime25;audSpec_Rfilt_sma[15]_upleveltime50;audSpec_Rfilt_sma[15]_upleveltime75;audSpec_Rfilt_sma[15]_upleveltime90;audSpec_Rfilt_sma[15]_risetime;audSpec_Rfilt_sma[15]_leftctime;audSpec_Rfilt_sma[15]_lpgain;audSpec_Rfilt_sma[15]_lpc0;audSpec_Rfilt_sma[15]_lpc1;audSpec_Rfilt_sma[15]_lpc2;audSpec_Rfilt_sma[15]_lpc3;audSpec_Rfilt_sma[15]_lpc4;audSpec_Rfilt_sma[16]_range;audSpec_Rfilt_sma[16]_maxPos;audSpec_Rfilt_sma[16]_minPos;audSpec_Rfilt_sma[16]_quartile1;audSpec_Rfilt_sma[16]_quartile2;audSpec_Rfilt_sma[16]_quartile3;audSpec_Rfilt_sma[16]_iqr1-2;audSpec_Rfilt_sma[16]_iqr2-3;audSpec_Rfilt_sma[16]_iqr1-3;audSpec_Rfilt_sma[16]_percentile1.0;audSpec_Rfilt_sma[16]_percentile99.0;audSpec_Rfilt_sma[16]_pctlrange0-1;audSpec_Rfilt_sma[16]_stddev;audSpec_Rfilt_sma[16]_skewness;audSpec_Rfilt_sma[16]_kurtosis;audSpec_Rfilt_sma[16]_meanSegLen;audSpec_Rfilt_sma[16]_maxSegLen;audSpec_Rfilt_sma[16]_minSegLen;audSpec_Rfilt_sma[16]_segLenStddev;audSpec_Rfilt_sma[16]_upleveltime25;audSpec_Rfilt_sma[16]_upleveltime50;audSpec_Rfilt_sma[16]_upleveltime75;audSpec_Rfilt_sma[16]_upleveltime90;audSpec_Rfilt_sma[16]_risetime;audSpec_Rfilt_sma[16]_leftctime;audSpec_Rfilt_sma[16]_lpgain;audSpec_Rfilt_sma[16]_lpc0;audSpec_Rfilt_sma[16]_lpc1;audSpec_Rfilt_sma[16]_lpc2;audSpec_Rfilt_sma[16]_lpc3;audSpec_Rfilt_sma[16]_lpc4;audSpec_Rfilt_sma[17]_range;audSpec_Rfilt_sma[17]_maxPos;audSpec_Rfilt_sma[17]_minPos;audSpec_Rfilt_sma[17]_quartile1;audSpec_Rfilt_sma[17]_quartile2;audSpec_Rfilt_sma[17]_quartile3;audSpec_Rfilt_sma[17]_iqr1-2;audSpec_Rfilt_sma[17]_iqr2-3;audSpec_Rfilt_sma[17]_iqr1-3;audSpec_Rfilt_sma[17]_percentile1.0;audSpec_Rfilt_sma[17]_percentile99.0;audSpec_Rfilt_sma[17]_pctlrange0-1;audSpec_Rfilt_sma[17]_stddev;audSpec_Rfilt_sma[17]_skewness;audSpec_Rfilt_sma[17]_kurtosis;audSpec_Rfilt_sma[17]_meanSegLen;audSpec_Rfilt_sma[17]_maxSegLen;audSpec_Rfilt_sma[17]_minSegLen;audSpec_Rfilt_sma[17]_segLenStddev;audSpec_Rfilt_sma[17]_upleveltime25;audSpec_Rfilt_sma[17]_upleveltime50;audSpec_Rfilt_sma[17]_upleveltime75;audSpec_Rfilt_sma[17]_upleveltime90;audSpec_Rfilt_sma[17]_risetime;audSpec_Rfilt_sma[17]_leftctime;audSpec_Rfilt_sma[17]_lpgain;audSpec_Rfilt_sma[17]_lpc0;audSpec_Rfilt_sma[17]_lpc1;audSpec_Rfilt_sma[17]_lpc2;audSpec_Rfilt_sma[17]_lpc3;audSpec_Rfilt_sma[17]_lpc4;audSpec_Rfilt_sma[18]_range;audSpec_Rfilt_sma[18]_maxPos;audSpec_Rfilt_sma[18]_minPos;audSpec_Rfilt_sma[18]_quartile1;audSpec_Rfilt_sma[18]_quartile2;audSpec_Rfilt_sma[18]_quartile3;audSpec_Rfilt_sma[18]_iqr1-2;audSpec_Rfilt_sma[18]_iqr2-3;audSpec_Rfilt_sma[18]_iqr1-3;audSpec_Rfilt_sma[18]_percentile1.0;audSpec_Rfilt_sma[18]_percentile99.0;audSpec_Rfilt_sma[18]_pctlrange0-1;audSpec_Rfilt_sma[18]_stddev;audSpec_Rfilt_sma[18]_skewness;audSpec_Rfilt_sma[18]_kurtosis;audSpec_Rfilt_sma[18]_meanSegLen;audSpec_Rfilt_sma[18]_maxSegLen;audSpec_Rfilt_sma[18]_minSegLen;audSpec_Rfilt_sma[18]_segLenStddev;audSpec_Rfilt_sma[18]_upleveltime25;audSpec_Rfilt_sma[18]_upleveltime50;audSpec_Rfilt_sma[18]_upleveltime75;audSpec_Rfilt_sma[18]_upleveltime90;audSpec_Rfilt_sma[18]_risetime;audSpec_Rfilt_sma[18]_leftctime;audSpec_Rfilt_sma[18]_lpgain;audSpec_Rfilt_sma[18]_lpc0;audSpec_Rfilt_sma[18]_lpc1;audSpec_Rfilt_sma[18]_lpc2;audSpec_Rfilt_sma[18]_lpc3;audSpec_Rfilt_sma[18]_lpc4;audSpec_Rfilt_sma[19]_range;audSpec_Rfilt_sma[19]_maxPos;audSpec_Rfilt_sma[19]_minPos;audSpec_Rfilt_sma[19]_quartile1;audSpec_Rfilt_sma[19]_quartile2;audSpec_Rfilt_sma[19]_quartile3;audSpec_Rfilt_sma[19]_iqr1-2;audSpec_Rfilt_sma[19]_iqr2-3;audSpec_Rfilt_sma[19]_iqr1-3;audSpec_Rfilt_sma[19]_percentile1.0;audSpec_Rfilt_sma[19]_percentile99.0;audSpec_Rfilt_sma[19]_pctlrange0-1;audSpec_Rfilt_sma[19]_stddev;audSpec_Rfilt_sma[19]_skewness;audSpec_Rfilt_sma[19]_kurtosis;audSpec_Rfilt_sma[19]_meanSegLen;audSpec_Rfilt_sma[19]_maxSegLen;audSpec_Rfilt_sma[19]_minSegLen;audSpec_Rfilt_sma[19]_segLenStddev;audSpec_Rfilt_sma[19]_upleveltime25;audSpec_Rfilt_sma[19]_upleveltime50;audSpec_Rfilt_sma[19]_upleveltime75;audSpec_Rfilt_sma[19]_upleveltime90;audSpec_Rfilt_sma[19]_risetime;audSpec_Rfilt_sma[19]_leftctime;audSpec_Rfilt_sma[19]_lpgain;audSpec_Rfilt_sma[19]_lpc0;audSpec_Rfilt_sma[19]_lpc1;audSpec_Rfilt_sma[19]_lpc2;audSpec_Rfilt_sma[19]_lpc3;audSpec_Rfilt_sma[19]_lpc4;audSpec_Rfilt_sma[20]_range;audSpec_Rfilt_sma[20]_maxPos;audSpec_Rfilt_sma[20]_minPos;audSpec_Rfilt_sma[20]_quartile1;audSpec_Rfilt_sma[20]_quartile2;audSpec_Rfilt_sma[20]_quartile3;audSpec_Rfilt_sma[20]_iqr1-2;audSpec_Rfilt_sma[20]_iqr2-3;audSpec_Rfilt_sma[20]_iqr1-3;audSpec_Rfilt_sma[20]_percentile1.0;audSpec_Rfilt_sma[20]_percentile99.0;audSpec_Rfilt_sma[20]_pctlrange0-1;audSpec_Rfilt_sma[20]_stddev;audSpec_Rfilt_sma[20]_skewness;audSpec_Rfilt_sma[20]_kurtosis;audSpec_Rfilt_sma[20]_meanSegLen;audSpec_Rfilt_sma[20]_maxSegLen;audSpec_Rfilt_sma[20]_minSegLen;audSpec_Rfilt_sma[20]_segLenStddev;audSpec_Rfilt_sma[20]_upleveltime25;audSpec_Rfilt_sma[20]_upleveltime50;audSpec_Rfilt_sma[20]_upleveltime75;audSpec_Rfilt_sma[20]_upleveltime90;audSpec_Rfilt_sma[20]_risetime;audSpec_Rfilt_sma[20]_leftctime;audSpec_Rfilt_sma[20]_lpgain;audSpec_Rfilt_sma[20]_lpc0;audSpec_Rfilt_sma[20]_lpc1;audSpec_Rfilt_sma[20]_lpc2;audSpec_Rfilt_sma[20]_lpc3;audSpec_Rfilt_sma[20]_lpc4;audSpec_Rfilt_sma[21]_range;audSpec_Rfilt_sma[21]_maxPos;audSpec_Rfilt_sma[21]_minPos;audSpec_Rfilt_sma[21]_quartile1;audSpec_Rfilt_sma[21]_quartile2;audSpec_Rfilt_sma[21]_quartile3;audSpec_Rfilt_sma[21]_iqr1-2;audSpec_Rfilt_sma[21]_iqr2-3;audSpec_Rfilt_sma[21]_iqr1-3;audSpec_Rfilt_sma[21]_percentile1.0;audSpec_Rfilt_sma[21]_percentile99.0;audSpec_Rfilt_sma[21]_pctlrange0-1;audSpec_Rfilt_sma[21]_stddev;audSpec_Rfilt_sma[21]_skewness;audSpec_Rfilt_sma[21]_kurtosis;audSpec_Rfilt_sma[21]_meanSegLen;audSpec_Rfilt_sma[21]_maxSegLen;audSpec_Rfilt_sma[21]_minSegLen;audSpec_Rfilt_sma[21]_segLenStddev;audSpec_Rfilt_sma[21]_upleveltime25;audSpec_Rfilt_sma[21]_upleveltime50;audSpec_Rfilt_sma[21]_upleveltime75;audSpec_Rfilt_sma[21]_upleveltime90;audSpec_Rfilt_sma[21]_risetime;audSpec_Rfilt_sma[21]_leftctime;audSpec_Rfilt_sma[21]_lpgain;audSpec_Rfilt_sma[21]_lpc0;audSpec_Rfilt_sma[21]_lpc1;audSpec_Rfilt_sma[21]_lpc2;audSpec_Rfilt_sma[21]_lpc3;audSpec_Rfilt_sma[21]_lpc4;audSpec_Rfilt_sma[22]_range;audSpec_Rfilt_sma[22]_maxPos;audSpec_Rfilt_sma[22]_minPos;audSpec_Rfilt_sma[22]_quartile1;audSpec_Rfilt_sma[22]_quartile2;audSpec_Rfilt_sma[22]_quartile3;audSpec_Rfilt_sma[22]_iqr1-2;audSpec_Rfilt_sma[22]_iqr2-3;audSpec_Rfilt_sma[22]_iqr1-3;audSpec_Rfilt_sma[22]_percentile1.0;audSpec_Rfilt_sma[22]_percentile99.0;audSpec_Rfilt_sma[22]_pctlrange0-1;audSpec_Rfilt_sma[22]_stddev;audSpec_Rfilt_sma[22]_skewness;audSpec_Rfilt_sma[22]_kurtosis;audSpec_Rfilt_sma[22]_meanSegLen;audSpec_Rfilt_sma[22]_maxSegLen;audSpec_Rfilt_sma[22]_minSegLen;audSpec_Rfilt_sma[22]_segLenStddev;audSpec_Rfilt_sma[22]_upleveltime25;audSpec_Rfilt_sma[22]_upleveltime50;audSpec_Rfilt_sma[22]_upleveltime75;audSpec_Rfilt_sma[22]_upleveltime90;audSpec_Rfilt_sma[22]_risetime;audSpec_Rfilt_sma[22]_leftctime;audSpec_Rfilt_sma[22]_lpgain;audSpec_Rfilt_sma[22]_lpc0;audSpec_Rfilt_sma[22]_lpc1;audSpec_Rfilt_sma[22]_lpc2;audSpec_Rfilt_sma[22]_lpc3;audSpec_Rfilt_sma[22]_lpc4;audSpec_Rfilt_sma[23]_range;audSpec_Rfilt_sma[23]_maxPos;audSpec_Rfilt_sma[23]_minPos;audSpec_Rfilt_sma[23]_quartile1;audSpec_Rfilt_sma[23]_quartile2;audSpec_Rfilt_sma[23]_quartile3;audSpec_Rfilt_sma[23]_iqr1-2;audSpec_Rfilt_sma[23]_iqr2-3;audSpec_Rfilt_sma[23]_iqr1-3;audSpec_Rfilt_sma[23]_percentile1.0;audSpec_Rfilt_sma[23]_percentile99.0;audSpec_Rfilt_sma[23]_pctlrange0-1;audSpec_Rfilt_sma[23]_stddev;audSpec_Rfilt_sma[23]_skewness;audSpec_Rfilt_sma[23]_kurtosis;audSpec_Rfilt_sma[23]_meanSegLen;audSpec_Rfilt_sma[23]_maxSegLen;audSpec_Rfilt_sma[23]_minSegLen;audSpec_Rfilt_sma[23]_segLenStddev;audSpec_Rfilt_sma[23]_upleveltime25;audSpec_Rfilt_sma[23]_upleveltime50;audSpec_Rfilt_sma[23]_upleveltime75;audSpec_Rfilt_sma[23]_upleveltime90;audSpec_Rfilt_sma[23]_risetime;audSpec_Rfilt_sma[23]_leftctime;audSpec_Rfilt_sma[23]_lpgain;audSpec_Rfilt_sma[23]_lpc0;audSpec_Rfilt_sma[23]_lpc1;audSpec_Rfilt_sma[23]_lpc2;audSpec_Rfilt_sma[23]_lpc3;audSpec_Rfilt_sma[23]_lpc4;audSpec_Rfilt_sma[24]_range;audSpec_Rfilt_sma[24]_maxPos;audSpec_Rfilt_sma[24]_minPos;audSpec_Rfilt_sma[24]_quartile1;audSpec_Rfilt_sma[24]_quartile2;audSpec_Rfilt_sma[24]_quartile3;audSpec_Rfilt_sma[24]_iqr1-2;audSpec_Rfilt_sma[24]_iqr2-3;audSpec_Rfilt_sma[24]_iqr1-3;audSpec_Rfilt_sma[24]_percentile1.0;audSpec_Rfilt_sma[24]_percentile99.0;audSpec_Rfilt_sma[24]_pctlrange0-1;audSpec_Rfilt_sma[24]_stddev;audSpec_Rfilt_sma[24]_skewness;audSpec_Rfilt_sma[24]_kurtosis;audSpec_Rfilt_sma[24]_meanSegLen;audSpec_Rfilt_sma[24]_maxSegLen;audSpec_Rfilt_sma[24]_minSegLen;audSpec_Rfilt_sma[24]_segLenStddev;audSpec_Rfilt_sma[24]_upleveltime25;audSpec_Rfilt_sma[24]_upleveltime50;audSpec_Rfilt_sma[24]_upleveltime75;audSpec_Rfilt_sma[24]_upleveltime90;audSpec_Rfilt_sma[24]_risetime;audSpec_Rfilt_sma[24]_leftctime;audSpec_Rfilt_sma[24]_lpgain;audSpec_Rfilt_sma[24]_lpc0;audSpec_Rfilt_sma[24]_lpc1;audSpec_Rfilt_sma[24]_lpc2;audSpec_Rfilt_sma[24]_lpc3;audSpec_Rfilt_sma[24]_lpc4;audSpec_Rfilt_sma[25]_range;audSpec_Rfilt_sma[25]_maxPos;audSpec_Rfilt_sma[25]_minPos;audSpec_Rfilt_sma[25]_quartile1;audSpec_Rfilt_sma[25]_quartile2;audSpec_Rfilt_sma[25]_quartile3;audSpec_Rfilt_sma[25]_iqr1-2;audSpec_Rfilt_sma[25]_iqr2-3;audSpec_Rfilt_sma[25]_iqr1-3;audSpec_Rfilt_sma[25]_percentile1.0;audSpec_Rfilt_sma[25]_percentile99.0;audSpec_Rfilt_sma[25]_pctlrange0-1;audSpec_Rfilt_sma[25]_stddev;audSpec_Rfilt_sma[25]_skewness;audSpec_Rfilt_sma[25]_kurtosis;audSpec_Rfilt_sma[25]_meanSegLen;audSpec_Rfilt_sma[25]_maxSegLen;audSpec_Rfilt_sma[25]_minSegLen;audSpec_Rfilt_sma[25]_segLenStddev;audSpec_Rfilt_sma[25]_upleveltime25;audSpec_Rfilt_sma[25]_upleveltime50;audSpec_Rfilt_sma[25]_upleveltime75;audSpec_Rfilt_sma[25]_upleveltime90;audSpec_Rfilt_sma[25]_risetime;audSpec_Rfilt_sma[25]_leftctime;audSpec_Rfilt_sma[25]_lpgain;audSpec_Rfilt_sma[25]_lpc0;audSpec_Rfilt_sma[25]_lpc1;audSpec_Rfilt_sma[25]_lpc2;audSpec_Rfilt_sma[25]_lpc3;audSpec_Rfilt_sma[25]_lpc4;pcm_fftMag_fband250-650_sma_range;pcm_fftMag_fband250-650_sma_maxPos;pcm_fftMag_fband250-650_sma_minPos;pcm_fftMag_fband250-650_sma_quartile1;pcm_fftMag_fband250-650_sma_quartile2;pcm_fftMag_fband250-650_sma_quartile3;pcm_fftMag_fband250-650_sma_iqr1-2;pcm_fftMag_fband250-650_sma_iqr2-3;pcm_fftMag_fband250-650_sma_iqr1-3;pcm_fftMag_fband250-650_sma_percentile1.0;pcm_fftMag_fband250-650_sma_percentile99.0;pcm_fftMag_fband250-650_sma_pctlrange0-1;pcm_fftMag_fband250-650_sma_stddev;pcm_fftMag_fband250-650_sma_skewness;pcm_fftMag_fband250-650_sma_kurtosis;pcm_fftMag_fband250-650_sma_meanSegLen;pcm_fftMag_fband250-650_sma_maxSegLen;pcm_fftMag_fband250-650_sma_minSegLen;pcm_fftMag_fband250-650_sma_segLenStddev;pcm_fftMag_fband250-650_sma_upleveltime25;pcm_fftMag_fband250-650_sma_upleveltime50;pcm_fftMag_fband250-650_sma_upleveltime75;pcm_fftMag_fband250-650_sma_upleveltime90;pcm_fftMag_fband250-650_sma_risetime;pcm_fftMag_fband250-650_sma_leftctime;pcm_fftMag_fband250-650_sma_lpgain;pcm_fftMag_fband250-650_sma_lpc0;pcm_fftMag_fband250-650_sma_lpc1;pcm_fftMag_fband250-650_sma_lpc2;pcm_fftMag_fband250-650_sma_lpc3;pcm_fftMag_fband250-650_sma_lpc4;pcm_fftMag_fband1000-4000_sma_range;pcm_fftMag_fband1000-4000_sma_maxPos;pcm_fftMag_fband1000-4000_sma_minPos;pcm_fftMag_fband1000-4000_sma_quartile1;pcm_fftMag_fband1000-4000_sma_quartile2;pcm_fftMag_fband1000-4000_sma_quartile3;pcm_fftMag_fband1000-4000_sma_iqr1-2;pcm_fftMag_fband1000-4000_sma_iqr2-3;pcm_fftMag_fband1000-4000_sma_iqr1-3;pcm_fftMag_fband1000-4000_sma_percentile1.0;pcm_fftMag_fband1000-4000_sma_percentile99.0;pcm_fftMag_fband1000-4000_sma_pctlrange0-1;pcm_fftMag_fband1000-4000_sma_stddev;pcm_fftMag_fband1000-4000_sma_skewness;pcm_fftMag_fband1000-4000_sma_kurtosis;pcm_fftMag_fband1000-4000_sma_meanSegLen;pcm_fftMag_fband1000-4000_sma_maxSegLen;pcm_fftMag_fband1000-4000_sma_minSegLen;pcm_fftMag_fband1000-4000_sma_segLenStddev;pcm_fftMag_fband1000-4000_sma_upleveltime25;pcm_fftMag_fband1000-4000_sma_upleveltime50;pcm_fftMag_fband1000-4000_sma_upleveltime75;pcm_fftMag_fband1000-4000_sma_upleveltime90;pcm_fftMag_fband1000-4000_sma_risetime;pcm_fftMag_fband1000-4000_sma_leftctime;pcm_fftMag_fband1000-4000_sma_lpgain;pcm_fftMag_fband1000-4000_sma_lpc0;pcm_fftMag_fband1000-4000_sma_lpc1;pcm_fftMag_fband1000-4000_sma_lpc2;pcm_fftMag_fband1000-4000_sma_lpc3;pcm_fftMag_fband1000-4000_sma_lpc4;pcm_fftMag_spectralRollOff25.0_sma_range;pcm_fftMag_spectralRollOff25.0_sma_maxPos;pcm_fftMag_spectralRollOff25.0_sma_minPos;pcm_fftMag_spectralRollOff25.0_sma_quartile1;pcm_fftMag_spectralRollOff25.0_sma_quartile2;pcm_fftMag_spectralRollOff25.0_sma_quartile3;pcm_fftMag_spectralRollOff25.0_sma_iqr1-2;pcm_fftMag_spectralRollOff25.0_sma_iqr2-3;pcm_fftMag_spectralRollOff25.0_sma_iqr1-3;pcm_fftMag_spectralRollOff25.0_sma_percentile1.0;pcm_fftMag_spectralRollOff25.0_sma_percentile99.0;pcm_fftMag_spectralRollOff25.0_sma_pctlrange0-1;pcm_fftMag_spectralRollOff25.0_sma_stddev;pcm_fftMag_spectralRollOff25.0_sma_skewness;pcm_fftMag_spectralRollOff25.0_sma_kurtosis;pcm_fftMag_spectralRollOff25.0_sma_meanSegLen;pcm_fftMag_spectralRollOff25.0_sma_maxSegLen;pcm_fftMag_spectralRollOff25.0_sma_minSegLen;pcm_fftMag_spectralRollOff25.0_sma_segLenStddev;pcm_fftMag_spectralRollOff25.0_sma_upleveltime25;pcm_fftMag_spectralRollOff25.0_sma_upleveltime50;pcm_fftMag_spectralRollOff25.0_sma_upleveltime75;pcm_fftMag_spectralRollOff25.0_sma_upleveltime90;pcm_fftMag_spectralRollOff25.0_sma_risetime;pcm_fftMag_spectralRollOff25.0_sma_leftctime;pcm_fftMag_spectralRollOff25.0_sma_lpgain;pcm_fftMag_spectralRollOff25.0_sma_lpc0;pcm_fftMag_spectralRollOff25.0_sma_lpc1;pcm_fftMag_spectralRollOff25.0_sma_lpc2;pcm_fftMag_spectralRollOff25.0_sma_lpc3;pcm_fftMag_spectralRollOff25.0_sma_lpc4;pcm_fftMag_spectralRollOff50.0_sma_range;pcm_fftMag_spectralRollOff50.0_sma_maxPos;pcm_fftMag_spectralRollOff50.0_sma_minPos;pcm_fftMag_spectralRollOff50.0_sma_quartile1;pcm_fftMag_spectralRollOff50.0_sma_quartile2;pcm_fftMag_spectralRollOff50.0_sma_quartile3;pcm_fftMag_spectralRollOff50.0_sma_iqr1-2;pcm_fftMag_spectralRollOff50.0_sma_iqr2-3;pcm_fftMag_spectralRollOff50.0_sma_iqr1-3;pcm_fftMag_spectralRollOff50.0_sma_percentile1.0;pcm_fftMag_spectralRollOff50.0_sma_percentile99.0;pcm_fftMag_spectralRollOff50.0_sma_pctlrange0-1;pcm_fftMag_spectralRollOff50.0_sma_stddev;pcm_fftMag_spectralRollOff50.0_sma_skewness;pcm_fftMag_spectralRollOff50.0_sma_kurtosis;pcm_fftMag_spectralRollOff50.0_sma_meanSegLen;pcm_fftMag_spectralRollOff50.0_sma_maxSegLen;pcm_fftMag_spectralRollOff50.0_sma_minSegLen;pcm_fftMag_spectralRollOff50.0_sma_segLenStddev;pcm_fftMag_spectralRollOff50.0_sma_upleveltime25;pcm_fftMag_spectralRollOff50.0_sma_upleveltime50;pcm_fftMag_spectralRollOff50.0_sma_upleveltime75;pcm_fftMag_spectralRollOff50.0_sma_upleveltime90;pcm_fftMag_spectralRollOff50.0_sma_risetime;pcm_fftMag_spectralRollOff50.0_sma_leftctime;pcm_fftMag_spectralRollOff50.0_sma_lpgain;pcm_fftMag_spectralRollOff50.0_sma_lpc0;pcm_fftMag_spectralRollOff50.0_sma_lpc1;pcm_fftMag_spectralRollOff50.0_sma_lpc2;pcm_fftMag_spectralRollOff50.0_sma_lpc3;pcm_fftMag_spectralRollOff50.0_sma_lpc4;pcm_fftMag_spectralRollOff75.0_sma_range;pcm_fftMag_spectralRollOff75.0_sma_maxPos;pcm_fftMag_spectralRollOff75.0_sma_minPos;pcm_fftMag_spectralRollOff75.0_sma_quartile1;pcm_fftMag_spectralRollOff75.0_sma_quartile2;pcm_fftMag_spectralRollOff75.0_sma_quartile3;pcm_fftMag_spectralRollOff75.0_sma_iqr1-2;pcm_fftMag_spectralRollOff75.0_sma_iqr2-3;pcm_fftMag_spectralRollOff75.0_sma_iqr1-3;pcm_fftMag_spectralRollOff75.0_sma_percentile1.0;pcm_fftMag_spectralRollOff75.0_sma_percentile99.0;pcm_fftMag_spectralRollOff75.0_sma_pctlrange0-1;pcm_fftMag_spectralRollOff75.0_sma_stddev;pcm_fftMag_spectralRollOff75.0_sma_skewness;pcm_fftMag_spectralRollOff75.0_sma_kurtosis;pcm_fftMag_spectralRollOff75.0_sma_meanSegLen;pcm_fftMag_spectralRollOff75.0_sma_maxSegLen;pcm_fftMag_spectralRollOff75.0_sma_minSegLen;pcm_fftMag_spectralRollOff75.0_sma_segLenStddev;pcm_fftMag_spectralRollOff75.0_sma_upleveltime25;pcm_fftMag_spectralRollOff75.0_sma_upleveltime50;pcm_fftMag_spectralRollOff75.0_sma_upleveltime75;pcm_fftMag_spectralRollOff75.0_sma_upleveltime90;pcm_fftMag_spectralRollOff75.0_sma_risetime;pcm_fftMag_spectralRollOff75.0_sma_leftctime;pcm_fftMag_spectralRollOff75.0_sma_lpgain;pcm_fftMag_spectralRollOff75.0_sma_lpc0;pcm_fftMag_spectralRollOff75.0_sma_lpc1;pcm_fftMag_spectralRollOff75.0_sma_lpc2;pcm_fftMag_spectralRollOff75.0_sma_lpc3;pcm_fftMag_spectralRollOff75.0_sma_lpc4;pcm_fftMag_spectralRollOff90.0_sma_range;pcm_fftMag_spectralRollOff90.0_sma_maxPos;pcm_fftMag_spectralRollOff90.0_sma_minPos;pcm_fftMag_spectralRollOff90.0_sma_quartile1;pcm_fftMag_spectralRollOff90.0_sma_quartile2;pcm_fftMag_spectralRollOff90.0_sma_quartile3;pcm_fftMag_spectralRollOff90.0_sma_iqr1-2;pcm_fftMag_spectralRollOff90.0_sma_iqr2-3;pcm_fftMag_spectralRollOff90.0_sma_iqr1-3;pcm_fftMag_spectralRollOff90.0_sma_percentile1.0;pcm_fftMag_spectralRollOff90.0_sma_percentile99.0;pcm_fftMag_spectralRollOff90.0_sma_pctlrange0-1;pcm_fftMag_spectralRollOff90.0_sma_stddev;pcm_fftMag_spectralRollOff90.0_sma_skewness;pcm_fftMag_spectralRollOff90.0_sma_kurtosis;pcm_fftMag_spectralRollOff90.0_sma_meanSegLen;pcm_fftMag_spectralRollOff90.0_sma_maxSegLen;pcm_fftMag_spectralRollOff90.0_sma_minSegLen;pcm_fftMag_spectralRollOff90.0_sma_segLenStddev;pcm_fftMag_spectralRollOff90.0_sma_upleveltime25;pcm_fftMag_spectralRollOff90.0_sma_upleveltime50;pcm_fftMag_spectralRollOff90.0_sma_upleveltime75;pcm_fftMag_spectralRollOff90.0_sma_upleveltime90;pcm_fftMag_spectralRollOff90.0_sma_risetime;pcm_fftMag_spectralRollOff90.0_sma_leftctime;pcm_fftMag_spectralRollOff90.0_sma_lpgain;pcm_fftMag_spectralRollOff90.0_sma_lpc0;pcm_fftMag_spectralRollOff90.0_sma_lpc1;pcm_fftMag_spectralRollOff90.0_sma_lpc2;pcm_fftMag_spectralRollOff90.0_sma_lpc3;pcm_fftMag_spectralRollOff90.0_sma_lpc4;pcm_fftMag_spectralFlux_sma_range;pcm_fftMag_spectralFlux_sma_maxPos;pcm_fftMag_spectralFlux_sma_minPos;pcm_fftMag_spectralFlux_sma_quartile1;pcm_fftMag_spectralFlux_sma_quartile2;pcm_fftMag_spectralFlux_sma_quartile3;pcm_fftMag_spectralFlux_sma_iqr1-2;pcm_fftMag_spectralFlux_sma_iqr2-3;pcm_fftMag_spectralFlux_sma_iqr1-3;pcm_fftMag_spectralFlux_sma_percentile1.0;pcm_fftMag_spectralFlux_sma_percentile99.0;pcm_fftMag_spectralFlux_sma_pctlrange0-1;pcm_fftMag_spectralFlux_sma_stddev;pcm_fftMag_spectralFlux_sma_skewness;pcm_fftMag_spectralFlux_sma_kurtosis;pcm_fftMag_spectralFlux_sma_meanSegLen;pcm_fftMag_spectralFlux_sma_maxSegLen;pcm_fftMag_spectralFlux_sma_minSegLen;pcm_fftMag_spectralFlux_sma_segLenStddev;pcm_fftMag_spectralFlux_sma_upleveltime25;pcm_fftMag_spectralFlux_sma_upleveltime50;pcm_fftMag_spectralFlux_sma_upleveltime75;pcm_fftMag_spectralFlux_sma_upleveltime90;pcm_fftMag_spectralFlux_sma_risetime;pcm_fftMag_spectralFlux_sma_leftctime;pcm_fftMag_spectralFlux_sma_lpgain;pcm_fftMag_spectralFlux_sma_lpc0;pcm_fftMag_spectralFlux_sma_lpc1;pcm_fftMag_spectralFlux_sma_lpc2;pcm_fftMag_spectralFlux_sma_lpc3;pcm_fftMag_spectralFlux_sma_lpc4;pcm_fftMag_spectralCentroid_sma_range;pcm_fftMag_spectralCentroid_sma_maxPos;pcm_fftMag_spectralCentroid_sma_minPos;pcm_fftMag_spectralCentroid_sma_quartile1;pcm_fftMag_spectralCentroid_sma_quartile2;pcm_fftMag_spectralCentroid_sma_quartile3;pcm_fftMag_spectralCentroid_sma_iqr1-2;pcm_fftMag_spectralCentroid_sma_iqr2-3;pcm_fftMag_spectralCentroid_sma_iqr1-3;pcm_fftMag_spectralCentroid_sma_percentile1.0;pcm_fftMag_spectralCentroid_sma_percentile99.0;pcm_fftMag_spectralCentroid_sma_pctlrange0-1;pcm_fftMag_spectralCentroid_sma_stddev;pcm_fftMag_spectralCentroid_sma_skewness;pcm_fftMag_spectralCentroid_sma_kurtosis;pcm_fftMag_spectralCentroid_sma_meanSegLen;pcm_fftMag_spectralCentroid_sma_maxSegLen;pcm_fftMag_spectralCentroid_sma_minSegLen;pcm_fftMag_spectralCentroid_sma_segLenStddev;pcm_fftMag_spectralCentroid_sma_upleveltime25;pcm_fftMag_spectralCentroid_sma_upleveltime50;pcm_fftMag_spectralCentroid_sma_upleveltime75;pcm_fftMag_spectralCentroid_sma_upleveltime90;pcm_fftMag_spectralCentroid_sma_risetime;pcm_fftMag_spectralCentroid_sma_leftctime;pcm_fftMag_spectralCentroid_sma_lpgain;pcm_fftMag_spectralCentroid_sma_lpc0;pcm_fftMag_spectralCentroid_sma_lpc1;pcm_fftMag_spectralCentroid_sma_lpc2;pcm_fftMag_spectralCentroid_sma_lpc3;pcm_fftMag_spectralCentroid_sma_lpc4;pcm_fftMag_spectralEntropy_sma_range;pcm_fftMag_spectralEntropy_sma_maxPos;pcm_fftMag_spectralEntropy_sma_minPos;pcm_fftMag_spectralEntropy_sma_quartile1;pcm_fftMag_spectralEntropy_sma_quartile2;pcm_fftMag_spectralEntropy_sma_quartile3;pcm_fftMag_spectralEntropy_sma_iqr1-2;pcm_fftMag_spectralEntropy_sma_iqr2-3;pcm_fftMag_spectralEntropy_sma_iqr1-3;pcm_fftMag_spectralEntropy_sma_percentile1.0;pcm_fftMag_spectralEntropy_sma_percentile99.0;pcm_fftMag_spectralEntropy_sma_pctlrange0-1;pcm_fftMag_spectralEntropy_sma_stddev;pcm_fftMag_spectralEntropy_sma_skewness;pcm_fftMag_spectralEntropy_sma_kurtosis;pcm_fftMag_spectralEntropy_sma_meanSegLen;pcm_fftMag_spectralEntropy_sma_maxSegLen;pcm_fftMag_spectralEntropy_sma_minSegLen;pcm_fftMag_spectralEntropy_sma_segLenStddev;pcm_fftMag_spectralEntropy_sma_upleveltime25;pcm_fftMag_spectralEntropy_sma_upleveltime50;pcm_fftMag_spectralEntropy_sma_upleveltime75;pcm_fftMag_spectralEntropy_sma_upleveltime90;pcm_fftMag_spectralEntropy_sma_risetime;pcm_fftMag_spectralEntropy_sma_leftctime;pcm_fftMag_spectralEntropy_sma_lpgain;pcm_fftMag_spectralEntropy_sma_lpc0;pcm_fftMag_spectralEntropy_sma_lpc1;pcm_fftMag_spectralEntropy_sma_lpc2;pcm_fftMag_spectralEntropy_sma_lpc3;pcm_fftMag_spectralEntropy_sma_lpc4;pcm_fftMag_spectralVariance_sma_range;pcm_fftMag_spectralVariance_sma_maxPos;pcm_fftMag_spectralVariance_sma_minPos;pcm_fftMag_spectralVariance_sma_quartile1;pcm_fftMag_spectralVariance_sma_quartile2;pcm_fftMag_spectralVariance_sma_quartile3;pcm_fftMag_spectralVariance_sma_iqr1-2;pcm_fftMag_spectralVariance_sma_iqr2-3;pcm_fftMag_spectralVariance_sma_iqr1-3;pcm_fftMag_spectralVariance_sma_percentile1.0;pcm_fftMag_spectralVariance_sma_percentile99.0;pcm_fftMag_spectralVariance_sma_pctlrange0-1;pcm_fftMag_spectralVariance_sma_stddev;pcm_fftMag_spectralVariance_sma_skewness;pcm_fftMag_spectralVariance_sma_kurtosis;pcm_fftMag_spectralVariance_sma_meanSegLen;pcm_fftMag_spectralVariance_sma_maxSegLen;pcm_fftMag_spectralVariance_sma_minSegLen;pcm_fftMag_spectralVariance_sma_segLenStddev;pcm_fftMag_spectralVariance_sma_upleveltime25;pcm_fftMag_spectralVariance_sma_upleveltime50;pcm_fftMag_spectralVariance_sma_upleveltime75;pcm_fftMag_spectralVariance_sma_upleveltime90;pcm_fftMag_spectralVariance_sma_risetime;pcm_fftMag_spectralVariance_sma_leftctime;pcm_fftMag_spectralVariance_sma_lpgain;pcm_fftMag_spectralVariance_sma_lpc0;pcm_fftMag_spectralVariance_sma_lpc1;pcm_fftMag_spectralVariance_sma_lpc2;pcm_fftMag_spectralVariance_sma_lpc3;pcm_fftMag_spectralVariance_sma_lpc4;pcm_fftMag_spectralSkewness_sma_range;pcm_fftMag_spectralSkewness_sma_maxPos;pcm_fftMag_spectralSkewness_sma_minPos;pcm_fftMag_spectralSkewness_sma_quartile1;pcm_fftMag_spectralSkewness_sma_quartile2;pcm_fftMag_spectralSkewness_sma_quartile3;pcm_fftMag_spectralSkewness_sma_iqr1-2;pcm_fftMag_spectralSkewness_sma_iqr2-3;pcm_fftMag_spectralSkewness_sma_iqr1-3;pcm_fftMag_spectralSkewness_sma_percentile1.0;pcm_fftMag_spectralSkewness_sma_percentile99.0;pcm_fftMag_spectralSkewness_sma_pctlrange0-1;pcm_fftMag_spectralSkewness_sma_stddev;pcm_fftMag_spectralSkewness_sma_skewness;pcm_fftMag_spectralSkewness_sma_kurtosis;pcm_fftMag_spectralSkewness_sma_meanSegLen;pcm_fftMag_spectralSkewness_sma_maxSegLen;pcm_fftMag_spectralSkewness_sma_minSegLen;pcm_fftMag_spectralSkewness_sma_segLenStddev;pcm_fftMag_spectralSkewness_sma_upleveltime25;pcm_fftMag_spectralSkewness_sma_upleveltime50;pcm_fftMag_spectralSkewness_sma_upleveltime75;pcm_fftMag_spectralSkewness_sma_upleveltime90;pcm_fftMag_spectralSkewness_sma_risetime;pcm_fftMag_spectralSkewness_sma_leftctime;pcm_fftMag_spectralSkewness_sma_lpgain;pcm_fftMag_spectralSkewness_sma_lpc0;pcm_fftMag_spectralSkewness_sma_lpc1;pcm_fftMag_spectralSkewness_sma_lpc2;pcm_fftMag_spectralSkewness_sma_lpc3;pcm_fftMag_spectralSkewness_sma_lpc4;pcm_fftMag_spectralKurtosis_sma_range;pcm_fftMag_spectralKurtosis_sma_maxPos;pcm_fftMag_spectralKurtosis_sma_minPos;pcm_fftMag_spectralKurtosis_sma_quartile1;pcm_fftMag_spectralKurtosis_sma_quartile2;pcm_fftMag_spectralKurtosis_sma_quartile3;pcm_fftMag_spectralKurtosis_sma_iqr1-2;pcm_fftMag_spectralKurtosis_sma_iqr2-3;pcm_fftMag_spectralKurtosis_sma_iqr1-3;pcm_fftMag_spectralKurtosis_sma_percentile1.0;pcm_fftMag_spectralKurtosis_sma_percentile99.0;pcm_fftMag_spectralKurtosis_sma_pctlrange0-1;pcm_fftMag_spectralKurtosis_sma_stddev;pcm_fftMag_spectralKurtosis_sma_skewness;pcm_fftMag_spectralKurtosis_sma_kurtosis;pcm_fftMag_spectralKurtosis_sma_meanSegLen;pcm_fftMag_spectralKurtosis_sma_maxSegLen;pcm_fftMag_spectralKurtosis_sma_minSegLen;pcm_fftMag_spectralKurtosis_sma_segLenStddev;pcm_fftMag_spectralKurtosis_sma_upleveltime25;pcm_fftMag_spectralKurtosis_sma_upleveltime50;pcm_fftMag_spectralKurtosis_sma_upleveltime75;pcm_fftMag_spectralKurtosis_sma_upleveltime90;pcm_fftMag_spectralKurtosis_sma_risetime;pcm_fftMag_spectralKurtosis_sma_leftctime;pcm_fftMag_spectralKurtosis_sma_lpgain;pcm_fftMag_spectralKurtosis_sma_lpc0;pcm_fftMag_spectralKurtosis_sma_lpc1;pcm_fftMag_spectralKurtosis_sma_lpc2;pcm_fftMag_spectralKurtosis_sma_lpc3;pcm_fftMag_spectralKurtosis_sma_lpc4;pcm_fftMag_spectralSlope_sma_range;pcm_fftMag_spectralSlope_sma_maxPos;pcm_fftMag_spectralSlope_sma_minPos;pcm_fftMag_spectralSlope_sma_quartile1;pcm_fftMag_spectralSlope_sma_quartile2;pcm_fftMag_spectralSlope_sma_quartile3;pcm_fftMag_spectralSlope_sma_iqr1-2;pcm_fftMag_spectralSlope_sma_iqr2-3;pcm_fftMag_spectralSlope_sma_iqr1-3;pcm_fftMag_spectralSlope_sma_percentile1.0;pcm_fftMag_spectralSlope_sma_percentile99.0;pcm_fftMag_spectralSlope_sma_pctlrange0-1;pcm_fftMag_spectralSlope_sma_stddev;pcm_fftMag_spectralSlope_sma_skewness;pcm_fftMag_spectralSlope_sma_kurtosis;pcm_fftMag_spectralSlope_sma_meanSegLen;pcm_fftMag_spectralSlope_sma_maxSegLen;pcm_fftMag_spectralSlope_sma_minSegLen;pcm_fftMag_spectralSlope_sma_segLenStddev;pcm_fftMag_spectralSlope_sma_upleveltime25;pcm_fftMag_spectralSlope_sma_upleveltime50;pcm_fftMag_spectralSlope_sma_upleveltime75;pcm_fftMag_spectralSlope_sma_upleveltime90;pcm_fftMag_spectralSlope_sma_risetime;pcm_fftMag_spectralSlope_sma_leftctime;pcm_fftMag_spectralSlope_sma_lpgain;pcm_fftMag_spectralSlope_sma_lpc0;pcm_fftMag_spectralSlope_sma_lpc1;pcm_fftMag_spectralSlope_sma_lpc2;pcm_fftMag_spectralSlope_sma_lpc3;pcm_fftMag_spectralSlope_sma_lpc4;pcm_fftMag_psySharpness_sma_range;pcm_fftMag_psySharpness_sma_maxPos;pcm_fftMag_psySharpness_sma_minPos;pcm_fftMag_psySharpness_sma_quartile1;pcm_fftMag_psySharpness_sma_quartile2;pcm_fftMag_psySharpness_sma_quartile3;pcm_fftMag_psySharpness_sma_iqr1-2;pcm_fftMag_psySharpness_sma_iqr2-3;pcm_fftMag_psySharpness_sma_iqr1-3;pcm_fftMag_psySharpness_sma_percentile1.0;pcm_fftMag_psySharpness_sma_percentile99.0;pcm_fftMag_psySharpness_sma_pctlrange0-1;pcm_fftMag_psySharpness_sma_stddev;pcm_fftMag_psySharpness_sma_skewness;pcm_fftMag_psySharpness_sma_kurtosis;pcm_fftMag_psySharpness_sma_meanSegLen;pcm_fftMag_psySharpness_sma_maxSegLen;pcm_fftMag_psySharpness_sma_minSegLen;pcm_fftMag_psySharpness_sma_segLenStddev;pcm_fftMag_psySharpness_sma_upleveltime25;pcm_fftMag_psySharpness_sma_upleveltime50;pcm_fftMag_psySharpness_sma_upleveltime75;pcm_fftMag_psySharpness_sma_upleveltime90;pcm_fftMag_psySharpness_sma_risetime;pcm_fftMag_psySharpness_sma_leftctime;pcm_fftMag_psySharpness_sma_lpgain;pcm_fftMag_psySharpness_sma_lpc0;pcm_fftMag_psySharpness_sma_lpc1;pcm_fftMag_psySharpness_sma_lpc2;pcm_fftMag_psySharpness_sma_lpc3;pcm_fftMag_psySharpness_sma_lpc4;pcm_fftMag_spectralHarmonicity_sma_range;pcm_fftMag_spectralHarmonicity_sma_maxPos;pcm_fftMag_spectralHarmonicity_sma_minPos;pcm_fftMag_spectralHarmonicity_sma_quartile1;pcm_fftMag_spectralHarmonicity_sma_quartile2;pcm_fftMag_spectralHarmonicity_sma_quartile3;pcm_fftMag_spectralHarmonicity_sma_iqr1-2;pcm_fftMag_spectralHarmonicity_sma_iqr2-3;pcm_fftMag_spectralHarmonicity_sma_iqr1-3;pcm_fftMag_spectralHarmonicity_sma_percentile1.0;pcm_fftMag_spectralHarmonicity_sma_percentile99.0;pcm_fftMag_spectralHarmonicity_sma_pctlrange0-1;pcm_fftMag_spectralHarmonicity_sma_stddev;pcm_fftMag_spectralHarmonicity_sma_skewness;pcm_fftMag_spectralHarmonicity_sma_kurtosis;pcm_fftMag_spectralHarmonicity_sma_meanSegLen;pcm_fftMag_spectralHarmonicity_sma_maxSegLen;pcm_fftMag_spectralHarmonicity_sma_minSegLen;pcm_fftMag_spectralHarmonicity_sma_segLenStddev;pcm_fftMag_spectralHarmonicity_sma_upleveltime25;pcm_fftMag_spectralHarmonicity_sma_upleveltime50;pcm_fftMag_spectralHarmonicity_sma_upleveltime75;pcm_fftMag_spectralHarmonicity_sma_upleveltime90;pcm_fftMag_spectralHarmonicity_sma_risetime;pcm_fftMag_spectralHarmonicity_sma_leftctime;pcm_fftMag_spectralHarmonicity_sma_lpgain;pcm_fftMag_spectralHarmonicity_sma_lpc0;pcm_fftMag_spectralHarmonicity_sma_lpc1;pcm_fftMag_spectralHarmonicity_sma_lpc2;pcm_fftMag_spectralHarmonicity_sma_lpc3;pcm_fftMag_spectralHarmonicity_sma_lpc4;mfcc_sma[1]_range;mfcc_sma[1]_maxPos;mfcc_sma[1]_minPos;mfcc_sma[1]_quartile1;mfcc_sma[1]_quartile2;mfcc_sma[1]_quartile3;mfcc_sma[1]_iqr1-2;mfcc_sma[1]_iqr2-3;mfcc_sma[1]_iqr1-3;mfcc_sma[1]_percentile1.0;mfcc_sma[1]_percentile99.0;mfcc_sma[1]_pctlrange0-1;mfcc_sma[1]_stddev;mfcc_sma[1]_skewness;mfcc_sma[1]_kurtosis;mfcc_sma[1]_meanSegLen;mfcc_sma[1]_maxSegLen;mfcc_sma[1]_minSegLen;mfcc_sma[1]_segLenStddev;mfcc_sma[1]_upleveltime25;mfcc_sma[1]_upleveltime50;mfcc_sma[1]_upleveltime75;mfcc_sma[1]_upleveltime90;mfcc_sma[1]_risetime;mfcc_sma[1]_leftctime;mfcc_sma[1]_lpgain;mfcc_sma[1]_lpc0;mfcc_sma[1]_lpc1;mfcc_sma[1]_lpc2;mfcc_sma[1]_lpc3;mfcc_sma[1]_lpc4;mfcc_sma[2]_range;mfcc_sma[2]_maxPos;mfcc_sma[2]_minPos;mfcc_sma[2]_quartile1;mfcc_sma[2]_quartile2;mfcc_sma[2]_quartile3;mfcc_sma[2]_iqr1-2;mfcc_sma[2]_iqr2-3;mfcc_sma[2]_iqr1-3;mfcc_sma[2]_percentile1.0;mfcc_sma[2]_percentile99.0;mfcc_sma[2]_pctlrange0-1;mfcc_sma[2]_stddev;mfcc_sma[2]_skewness;mfcc_sma[2]_kurtosis;mfcc_sma[2]_meanSegLen;mfcc_sma[2]_maxSegLen;mfcc_sma[2]_minSegLen;mfcc_sma[2]_segLenStddev;mfcc_sma[2]_upleveltime25;mfcc_sma[2]_upleveltime50;mfcc_sma[2]_upleveltime75;mfcc_sma[2]_upleveltime90;mfcc_sma[2]_risetime;mfcc_sma[2]_leftctime;mfcc_sma[2]_lpgain;mfcc_sma[2]_lpc0;mfcc_sma[2]_lpc1;mfcc_sma[2]_lpc2;mfcc_sma[2]_lpc3;mfcc_sma[2]_lpc4;mfcc_sma[3]_range;mfcc_sma[3]_maxPos;mfcc_sma[3]_minPos;mfcc_sma[3]_quartile1;mfcc_sma[3]_quartile2;mfcc_sma[3]_quartile3;mfcc_sma[3]_iqr1-2;mfcc_sma[3]_iqr2-3;mfcc_sma[3]_iqr1-3;mfcc_sma[3]_percentile1.0;mfcc_sma[3]_percentile99.0;mfcc_sma[3]_pctlrange0-1;mfcc_sma[3]_stddev;mfcc_sma[3]_skewness;mfcc_sma[3]_kurtosis;mfcc_sma[3]_meanSegLen;mfcc_sma[3]_maxSegLen;mfcc_sma[3]_minSegLen;mfcc_sma[3]_segLenStddev;mfcc_sma[3]_upleveltime25;mfcc_sma[3]_upleveltime50;mfcc_sma[3]_upleveltime75;mfcc_sma[3]_upleveltime90;mfcc_sma[3]_risetime;mfcc_sma[3]_leftctime;mfcc_sma[3]_lpgain;mfcc_sma[3]_lpc0;mfcc_sma[3]_lpc1;mfcc_sma[3]_lpc2;mfcc_sma[3]_lpc3;mfcc_sma[3]_lpc4;mfcc_sma[4]_range;mfcc_sma[4]_maxPos;mfcc_sma[4]_minPos;mfcc_sma[4]_quartile1;mfcc_sma[4]_quartile2;mfcc_sma[4]_quartile3;mfcc_sma[4]_iqr1-2;mfcc_sma[4]_iqr2-3;mfcc_sma[4]_iqr1-3;mfcc_sma[4]_percentile1.0;mfcc_sma[4]_percentile99.0;mfcc_sma[4]_pctlrange0-1;mfcc_sma[4]_stddev;mfcc_sma[4]_skewness;mfcc_sma[4]_kurtosis;mfcc_sma[4]_meanSegLen;mfcc_sma[4]_maxSegLen;mfcc_sma[4]_minSegLen;mfcc_sma[4]_segLenStddev;mfcc_sma[4]_upleveltime25;mfcc_sma[4]_upleveltime50;mfcc_sma[4]_upleveltime75;mfcc_sma[4]_upleveltime90;mfcc_sma[4]_risetime;mfcc_sma[4]_leftctime;mfcc_sma[4]_lpgain;mfcc_sma[4]_lpc0;mfcc_sma[4]_lpc1;mfcc_sma[4]_lpc2;mfcc_sma[4]_lpc3;mfcc_sma[4]_lpc4;mfcc_sma[5]_range;mfcc_sma[5]_maxPos;mfcc_sma[5]_minPos;mfcc_sma[5]_quartile1;mfcc_sma[5]_quartile2;mfcc_sma[5]_quartile3;mfcc_sma[5]_iqr1-2;mfcc_sma[5]_iqr2-3;mfcc_sma[5]_iqr1-3;mfcc_sma[5]_percentile1.0;mfcc_sma[5]_percentile99.0;mfcc_sma[5]_pctlrange0-1;mfcc_sma[5]_stddev;mfcc_sma[5]_skewness;mfcc_sma[5]_kurtosis;mfcc_sma[5]_meanSegLen;mfcc_sma[5]_maxSegLen;mfcc_sma[5]_minSegLen;mfcc_sma[5]_segLenStddev;mfcc_sma[5]_upleveltime25;mfcc_sma[5]_upleveltime50;mfcc_sma[5]_upleveltime75;mfcc_sma[5]_upleveltime90;mfcc_sma[5]_risetime;mfcc_sma[5]_leftctime;mfcc_sma[5]_lpgain;mfcc_sma[5]_lpc0;mfcc_sma[5]_lpc1;mfcc_sma[5]_lpc2;mfcc_sma[5]_lpc3;mfcc_sma[5]_lpc4;mfcc_sma[6]_range;mfcc_sma[6]_maxPos;mfcc_sma[6]_minPos;mfcc_sma[6]_quartile1;mfcc_sma[6]_quartile2;mfcc_sma[6]_quartile3;mfcc_sma[6]_iqr1-2;mfcc_sma[6]_iqr2-3;mfcc_sma[6]_iqr1-3;mfcc_sma[6]_percentile1.0;mfcc_sma[6]_percentile99.0;mfcc_sma[6]_pctlrange0-1;mfcc_sma[6]_stddev;mfcc_sma[6]_skewness;mfcc_sma[6]_kurtosis;mfcc_sma[6]_meanSegLen;mfcc_sma[6]_maxSegLen;mfcc_sma[6]_minSegLen;mfcc_sma[6]_segLenStddev;mfcc_sma[6]_upleveltime25;mfcc_sma[6]_upleveltime50;mfcc_sma[6]_upleveltime75;mfcc_sma[6]_upleveltime90;mfcc_sma[6]_risetime;mfcc_sma[6]_leftctime;mfcc_sma[6]_lpgain;mfcc_sma[6]_lpc0;mfcc_sma[6]_lpc1;mfcc_sma[6]_lpc2;mfcc_sma[6]_lpc3;mfcc_sma[6]_lpc4;mfcc_sma[7]_range;mfcc_sma[7]_maxPos;mfcc_sma[7]_minPos;mfcc_sma[7]_quartile1;mfcc_sma[7]_quartile2;mfcc_sma[7]_quartile3;mfcc_sma[7]_iqr1-2;mfcc_sma[7]_iqr2-3;mfcc_sma[7]_iqr1-3;mfcc_sma[7]_percentile1.0;mfcc_sma[7]_percentile99.0;mfcc_sma[7]_pctlrange0-1;mfcc_sma[7]_stddev;mfcc_sma[7]_skewness;mfcc_sma[7]_kurtosis;mfcc_sma[7]_meanSegLen;mfcc_sma[7]_maxSegLen;mfcc_sma[7]_minSegLen;mfcc_sma[7]_segLenStddev;mfcc_sma[7]_upleveltime25;mfcc_sma[7]_upleveltime50;mfcc_sma[7]_upleveltime75;mfcc_sma[7]_upleveltime90;mfcc_sma[7]_risetime;mfcc_sma[7]_leftctime;mfcc_sma[7]_lpgain;mfcc_sma[7]_lpc0;mfcc_sma[7]_lpc1;mfcc_sma[7]_lpc2;mfcc_sma[7]_lpc3;mfcc_sma[7]_lpc4;mfcc_sma[8]_range;mfcc_sma[8]_maxPos;mfcc_sma[8]_minPos;mfcc_sma[8]_quartile1;mfcc_sma[8]_quartile2;mfcc_sma[8]_quartile3;mfcc_sma[8]_iqr1-2;mfcc_sma[8]_iqr2-3;mfcc_sma[8]_iqr1-3;mfcc_sma[8]_percentile1.0;mfcc_sma[8]_percentile99.0;mfcc_sma[8]_pctlrange0-1;mfcc_sma[8]_stddev;mfcc_sma[8]_skewness;mfcc_sma[8]_kurtosis;mfcc_sma[8]_meanSegLen;mfcc_sma[8]_maxSegLen;mfcc_sma[8]_minSegLen;mfcc_sma[8]_segLenStddev;mfcc_sma[8]_upleveltime25;mfcc_sma[8]_upleveltime50;mfcc_sma[8]_upleveltime75;mfcc_sma[8]_upleveltime90;mfcc_sma[8]_risetime;mfcc_sma[8]_leftctime;mfcc_sma[8]_lpgain;mfcc_sma[8]_lpc0;mfcc_sma[8]_lpc1;mfcc_sma[8]_lpc2;mfcc_sma[8]_lpc3;mfcc_sma[8]_lpc4;mfcc_sma[9]_range;mfcc_sma[9]_maxPos;mfcc_sma[9]_minPos;mfcc_sma[9]_quartile1;mfcc_sma[9]_quartile2;mfcc_sma[9]_quartile3;mfcc_sma[9]_iqr1-2;mfcc_sma[9]_iqr2-3;mfcc_sma[9]_iqr1-3;mfcc_sma[9]_percentile1.0;mfcc_sma[9]_percentile99.0;mfcc_sma[9]_pctlrange0-1;mfcc_sma[9]_stddev;mfcc_sma[9]_skewness;mfcc_sma[9]_kurtosis;mfcc_sma[9]_meanSegLen;mfcc_sma[9]_maxSegLen;mfcc_sma[9]_minSegLen;mfcc_sma[9]_segLenStddev;mfcc_sma[9]_upleveltime25;mfcc_sma[9]_upleveltime50;mfcc_sma[9]_upleveltime75;mfcc_sma[9]_upleveltime90;mfcc_sma[9]_risetime;mfcc_sma[9]_leftctime;mfcc_sma[9]_lpgain;mfcc_sma[9]_lpc0;mfcc_sma[9]_lpc1;mfcc_sma[9]_lpc2;mfcc_sma[9]_lpc3;mfcc_sma[9]_lpc4;mfcc_sma[10]_range;mfcc_sma[10]_maxPos;mfcc_sma[10]_minPos;mfcc_sma[10]_quartile1;mfcc_sma[10]_quartile2;mfcc_sma[10]_quartile3;mfcc_sma[10]_iqr1-2;mfcc_sma[10]_iqr2-3;mfcc_sma[10]_iqr1-3;mfcc_sma[10]_percentile1.0;mfcc_sma[10]_percentile99.0;mfcc_sma[10]_pctlrange0-1;mfcc_sma[10]_stddev;mfcc_sma[10]_skewness;mfcc_sma[10]_kurtosis;mfcc_sma[10]_meanSegLen;mfcc_sma[10]_maxSegLen;mfcc_sma[10]_minSegLen;mfcc_sma[10]_segLenStddev;mfcc_sma[10]_upleveltime25;mfcc_sma[10]_upleveltime50;mfcc_sma[10]_upleveltime75;mfcc_sma[10]_upleveltime90;mfcc_sma[10]_risetime;mfcc_sma[10]_leftctime;mfcc_sma[10]_lpgain;mfcc_sma[10]_lpc0;mfcc_sma[10]_lpc1;mfcc_sma[10]_lpc2;mfcc_sma[10]_lpc3;mfcc_sma[10]_lpc4;mfcc_sma[11]_range;mfcc_sma[11]_maxPos;mfcc_sma[11]_minPos;mfcc_sma[11]_quartile1;mfcc_sma[11]_quartile2;mfcc_sma[11]_quartile3;mfcc_sma[11]_iqr1-2;mfcc_sma[11]_iqr2-3;mfcc_sma[11]_iqr1-3;mfcc_sma[11]_percentile1.0;mfcc_sma[11]_percentile99.0;mfcc_sma[11]_pctlrange0-1;mfcc_sma[11]_stddev;mfcc_sma[11]_skewness;mfcc_sma[11]_kurtosis;mfcc_sma[11]_meanSegLen;mfcc_sma[11]_maxSegLen;mfcc_sma[11]_minSegLen;mfcc_sma[11]_segLenStddev;mfcc_sma[11]_upleveltime25;mfcc_sma[11]_upleveltime50;mfcc_sma[11]_upleveltime75;mfcc_sma[11]_upleveltime90;mfcc_sma[11]_risetime;mfcc_sma[11]_leftctime;mfcc_sma[11]_lpgain;mfcc_sma[11]_lpc0;mfcc_sma[11]_lpc1;mfcc_sma[11]_lpc2;mfcc_sma[11]_lpc3;mfcc_sma[11]_lpc4;mfcc_sma[12]_range;mfcc_sma[12]_maxPos;mfcc_sma[12]_minPos;mfcc_sma[12]_quartile1;mfcc_sma[12]_quartile2;mfcc_sma[12]_quartile3;mfcc_sma[12]_iqr1-2;mfcc_sma[12]_iqr2-3;mfcc_sma[12]_iqr1-3;mfcc_sma[12]_percentile1.0;mfcc_sma[12]_percentile99.0;mfcc_sma[12]_pctlrange0-1;mfcc_sma[12]_stddev;mfcc_sma[12]_skewness;mfcc_sma[12]_kurtosis;mfcc_sma[12]_meanSegLen;mfcc_sma[12]_maxSegLen;mfcc_sma[12]_minSegLen;mfcc_sma[12]_segLenStddev;mfcc_sma[12]_upleveltime25;mfcc_sma[12]_upleveltime50;mfcc_sma[12]_upleveltime75;mfcc_sma[12]_upleveltime90;mfcc_sma[12]_risetime;mfcc_sma[12]_leftctime;mfcc_sma[12]_lpgain;mfcc_sma[12]_lpc0;mfcc_sma[12]_lpc1;mfcc_sma[12]_lpc2;mfcc_sma[12]_lpc3;mfcc_sma[12]_lpc4;mfcc_sma[13]_range;mfcc_sma[13]_maxPos;mfcc_sma[13]_minPos;mfcc_sma[13]_quartile1;mfcc_sma[13]_quartile2;mfcc_sma[13]_quartile3;mfcc_sma[13]_iqr1-2;mfcc_sma[13]_iqr2-3;mfcc_sma[13]_iqr1-3;mfcc_sma[13]_percentile1.0;mfcc_sma[13]_percentile99.0;mfcc_sma[13]_pctlrange0-1;mfcc_sma[13]_stddev;mfcc_sma[13]_skewness;mfcc_sma[13]_kurtosis;mfcc_sma[13]_meanSegLen;mfcc_sma[13]_maxSegLen;mfcc_sma[13]_minSegLen;mfcc_sma[13]_segLenStddev;mfcc_sma[13]_upleveltime25;mfcc_sma[13]_upleveltime50;mfcc_sma[13]_upleveltime75;mfcc_sma[13]_upleveltime90;mfcc_sma[13]_risetime;mfcc_sma[13]_leftctime;mfcc_sma[13]_lpgain;mfcc_sma[13]_lpc0;mfcc_sma[13]_lpc1;mfcc_sma[13]_lpc2;mfcc_sma[13]_lpc3;mfcc_sma[13]_lpc4;mfcc_sma[14]_range;mfcc_sma[14]_maxPos;mfcc_sma[14]_minPos;mfcc_sma[14]_quartile1;mfcc_sma[14]_quartile2;mfcc_sma[14]_quartile3;mfcc_sma[14]_iqr1-2;mfcc_sma[14]_iqr2-3;mfcc_sma[14]_iqr1-3;mfcc_sma[14]_percentile1.0;mfcc_sma[14]_percentile99.0;mfcc_sma[14]_pctlrange0-1;mfcc_sma[14]_stddev;mfcc_sma[14]_skewness;mfcc_sma[14]_kurtosis;mfcc_sma[14]_meanSegLen;mfcc_sma[14]_maxSegLen;mfcc_sma[14]_minSegLen;mfcc_sma[14]_segLenStddev;mfcc_sma[14]_upleveltime25;mfcc_sma[14]_upleveltime50;mfcc_sma[14]_upleveltime75;mfcc_sma[14]_upleveltime90;mfcc_sma[14]_risetime;mfcc_sma[14]_leftctime;mfcc_sma[14]_lpgain;mfcc_sma[14]_lpc0;mfcc_sma[14]_lpc1;mfcc_sma[14]_lpc2;mfcc_sma[14]_lpc3;mfcc_sma[14]_lpc4;audSpec_Rfilt_sma_de[0]_range;audSpec_Rfilt_sma_de[0]_maxPos;audSpec_Rfilt_sma_de[0]_minPos;audSpec_Rfilt_sma_de[0]_quartile1;audSpec_Rfilt_sma_de[0]_quartile2;audSpec_Rfilt_sma_de[0]_quartile3;audSpec_Rfilt_sma_de[0]_iqr1-2;audSpec_Rfilt_sma_de[0]_iqr2-3;audSpec_Rfilt_sma_de[0]_iqr1-3;audSpec_Rfilt_sma_de[0]_percentile1.0;audSpec_Rfilt_sma_de[0]_percentile99.0;audSpec_Rfilt_sma_de[0]_pctlrange0-1;audSpec_Rfilt_sma_de[0]_stddev;audSpec_Rfilt_sma_de[0]_skewness;audSpec_Rfilt_sma_de[0]_kurtosis;audSpec_Rfilt_sma_de[0]_meanSegLen;audSpec_Rfilt_sma_de[0]_maxSegLen;audSpec_Rfilt_sma_de[0]_minSegLen;audSpec_Rfilt_sma_de[0]_segLenStddev;audSpec_Rfilt_sma_de[0]_upleveltime25;audSpec_Rfilt_sma_de[0]_upleveltime50;audSpec_Rfilt_sma_de[0]_upleveltime75;audSpec_Rfilt_sma_de[0]_upleveltime90;audSpec_Rfilt_sma_de[0]_risetime;audSpec_Rfilt_sma_de[0]_leftctime;audSpec_Rfilt_sma_de[0]_lpgain;audSpec_Rfilt_sma_de[0]_lpc0;audSpec_Rfilt_sma_de[0]_lpc1;audSpec_Rfilt_sma_de[0]_lpc2;audSpec_Rfilt_sma_de[0]_lpc3;audSpec_Rfilt_sma_de[0]_lpc4;audSpec_Rfilt_sma_de[1]_range;audSpec_Rfilt_sma_de[1]_maxPos;audSpec_Rfilt_sma_de[1]_minPos;audSpec_Rfilt_sma_de[1]_quartile1;audSpec_Rfilt_sma_de[1]_quartile2;audSpec_Rfilt_sma_de[1]_quartile3;audSpec_Rfilt_sma_de[1]_iqr1-2;audSpec_Rfilt_sma_de[1]_iqr2-3;audSpec_Rfilt_sma_de[1]_iqr1-3;audSpec_Rfilt_sma_de[1]_percentile1.0;audSpec_Rfilt_sma_de[1]_percentile99.0;audSpec_Rfilt_sma_de[1]_pctlrange0-1;audSpec_Rfilt_sma_de[1]_stddev;audSpec_Rfilt_sma_de[1]_skewness;audSpec_Rfilt_sma_de[1]_kurtosis;audSpec_Rfilt_sma_de[1]_meanSegLen;audSpec_Rfilt_sma_de[1]_maxSegLen;audSpec_Rfilt_sma_de[1]_minSegLen;audSpec_Rfilt_sma_de[1]_segLenStddev;audSpec_Rfilt_sma_de[1]_upleveltime25;audSpec_Rfilt_sma_de[1]_upleveltime50;audSpec_Rfilt_sma_de[1]_upleveltime75;audSpec_Rfilt_sma_de[1]_upleveltime90;audSpec_Rfilt_sma_de[1]_risetime;audSpec_Rfilt_sma_de[1]_leftctime;audSpec_Rfilt_sma_de[1]_lpgain;audSpec_Rfilt_sma_de[1]_lpc0;audSpec_Rfilt_sma_de[1]_lpc1;audSpec_Rfilt_sma_de[1]_lpc2;audSpec_Rfilt_sma_de[1]_lpc3;audSpec_Rfilt_sma_de[1]_lpc4;audSpec_Rfilt_sma_de[2]_range;audSpec_Rfilt_sma_de[2]_maxPos;audSpec_Rfilt_sma_de[2]_minPos;audSpec_Rfilt_sma_de[2]_quartile1;audSpec_Rfilt_sma_de[2]_quartile2;audSpec_Rfilt_sma_de[2]_quartile3;audSpec_Rfilt_sma_de[2]_iqr1-2;audSpec_Rfilt_sma_de[2]_iqr2-3;audSpec_Rfilt_sma_de[2]_iqr1-3;audSpec_Rfilt_sma_de[2]_percentile1.0;audSpec_Rfilt_sma_de[2]_percentile99.0;audSpec_Rfilt_sma_de[2]_pctlrange0-1;audSpec_Rfilt_sma_de[2]_stddev;audSpec_Rfilt_sma_de[2]_skewness;audSpec_Rfilt_sma_de[2]_kurtosis;audSpec_Rfilt_sma_de[2]_meanSegLen;audSpec_Rfilt_sma_de[2]_maxSegLen;audSpec_Rfilt_sma_de[2]_minSegLen;audSpec_Rfilt_sma_de[2]_segLenStddev;audSpec_Rfilt_sma_de[2]_upleveltime25;audSpec_Rfilt_sma_de[2]_upleveltime50;audSpec_Rfilt_sma_de[2]_upleveltime75;audSpec_Rfilt_sma_de[2]_upleveltime90;audSpec_Rfilt_sma_de[2]_risetime;audSpec_Rfilt_sma_de[2]_leftctime;audSpec_Rfilt_sma_de[2]_lpgain;audSpec_Rfilt_sma_de[2]_lpc0;audSpec_Rfilt_sma_de[2]_lpc1;audSpec_Rfilt_sma_de[2]_lpc2;audSpec_Rfilt_sma_de[2]_lpc3;audSpec_Rfilt_sma_de[2]_lpc4;audSpec_Rfilt_sma_de[3]_range;audSpec_Rfilt_sma_de[3]_maxPos;audSpec_Rfilt_sma_de[3]_minPos;audSpec_Rfilt_sma_de[3]_quartile1;audSpec_Rfilt_sma_de[3]_quartile2;audSpec_Rfilt_sma_de[3]_quartile3;audSpec_Rfilt_sma_de[3]_iqr1-2;audSpec_Rfilt_sma_de[3]_iqr2-3;audSpec_Rfilt_sma_de[3]_iqr1-3;audSpec_Rfilt_sma_de[3]_percentile1.0;audSpec_Rfilt_sma_de[3]_percentile99.0;audSpec_Rfilt_sma_de[3]_pctlrange0-1;audSpec_Rfilt_sma_de[3]_stddev;audSpec_Rfilt_sma_de[3]_skewness;audSpec_Rfilt_sma_de[3]_kurtosis;audSpec_Rfilt_sma_de[3]_meanSegLen;audSpec_Rfilt_sma_de[3]_maxSegLen;audSpec_Rfilt_sma_de[3]_minSegLen;audSpec_Rfilt_sma_de[3]_segLenStddev;audSpec_Rfilt_sma_de[3]_upleveltime25;audSpec_Rfilt_sma_de[3]_upleveltime50;audSpec_Rfilt_sma_de[3]_upleveltime75;audSpec_Rfilt_sma_de[3]_upleveltime90;audSpec_Rfilt_sma_de[3]_risetime;audSpec_Rfilt_sma_de[3]_leftctime;audSpec_Rfilt_sma_de[3]_lpgain;audSpec_Rfilt_sma_de[3]_lpc0;audSpec_Rfilt_sma_de[3]_lpc1;audSpec_Rfilt_sma_de[3]_lpc2;audSpec_Rfilt_sma_de[3]_lpc3;audSpec_Rfilt_sma_de[3]_lpc4;audSpec_Rfilt_sma_de[4]_range;audSpec_Rfilt_sma_de[4]_maxPos;audSpec_Rfilt_sma_de[4]_minPos;audSpec_Rfilt_sma_de[4]_quartile1;audSpec_Rfilt_sma_de[4]_quartile2;audSpec_Rfilt_sma_de[4]_quartile3;audSpec_Rfilt_sma_de[4]_iqr1-2;audSpec_Rfilt_sma_de[4]_iqr2-3;audSpec_Rfilt_sma_de[4]_iqr1-3;audSpec_Rfilt_sma_de[4]_percentile1.0;audSpec_Rfilt_sma_de[4]_percentile99.0;audSpec_Rfilt_sma_de[4]_pctlrange0-1;audSpec_Rfilt_sma_de[4]_stddev;audSpec_Rfilt_sma_de[4]_skewness;audSpec_Rfilt_sma_de[4]_kurtosis;audSpec_Rfilt_sma_de[4]_meanSegLen;audSpec_Rfilt_sma_de[4]_maxSegLen;audSpec_Rfilt_sma_de[4]_minSegLen;audSpec_Rfilt_sma_de[4]_segLenStddev;audSpec_Rfilt_sma_de[4]_upleveltime25;audSpec_Rfilt_sma_de[4]_upleveltime50;audSpec_Rfilt_sma_de[4]_upleveltime75;audSpec_Rfilt_sma_de[4]_upleveltime90;audSpec_Rfilt_sma_de[4]_risetime;audSpec_Rfilt_sma_de[4]_leftctime;audSpec_Rfilt_sma_de[4]_lpgain;audSpec_Rfilt_sma_de[4]_lpc0;audSpec_Rfilt_sma_de[4]_lpc1;audSpec_Rfilt_sma_de[4]_lpc2;audSpec_Rfilt_sma_de[4]_lpc3;audSpec_Rfilt_sma_de[4]_lpc4;audSpec_Rfilt_sma_de[5]_range;audSpec_Rfilt_sma_de[5]_maxPos;audSpec_Rfilt_sma_de[5]_minPos;audSpec_Rfilt_sma_de[5]_quartile1;audSpec_Rfilt_sma_de[5]_quartile2;audSpec_Rfilt_sma_de[5]_quartile3;audSpec_Rfilt_sma_de[5]_iqr1-2;audSpec_Rfilt_sma_de[5]_iqr2-3;audSpec_Rfilt_sma_de[5]_iqr1-3;audSpec_Rfilt_sma_de[5]_percentile1.0;audSpec_Rfilt_sma_de[5]_percentile99.0;audSpec_Rfilt_sma_de[5]_pctlrange0-1;audSpec_Rfilt_sma_de[5]_stddev;audSpec_Rfilt_sma_de[5]_skewness;audSpec_Rfilt_sma_de[5]_kurtosis;audSpec_Rfilt_sma_de[5]_meanSegLen;audSpec_Rfilt_sma_de[5]_maxSegLen;audSpec_Rfilt_sma_de[5]_minSegLen;audSpec_Rfilt_sma_de[5]_segLenStddev;audSpec_Rfilt_sma_de[5]_upleveltime25;audSpec_Rfilt_sma_de[5]_upleveltime50;audSpec_Rfilt_sma_de[5]_upleveltime75;audSpec_Rfilt_sma_de[5]_upleveltime90;audSpec_Rfilt_sma_de[5]_risetime;audSpec_Rfilt_sma_de[5]_leftctime;audSpec_Rfilt_sma_de[5]_lpgain;audSpec_Rfilt_sma_de[5]_lpc0;audSpec_Rfilt_sma_de[5]_lpc1;audSpec_Rfilt_sma_de[5]_lpc2;audSpec_Rfilt_sma_de[5]_lpc3;audSpec_Rfilt_sma_de[5]_lpc4;audSpec_Rfilt_sma_de[6]_range;audSpec_Rfilt_sma_de[6]_maxPos;audSpec_Rfilt_sma_de[6]_minPos;audSpec_Rfilt_sma_de[6]_quartile1;audSpec_Rfilt_sma_de[6]_quartile2;audSpec_Rfilt_sma_de[6]_quartile3;audSpec_Rfilt_sma_de[6]_iqr1-2;audSpec_Rfilt_sma_de[6]_iqr2-3;audSpec_Rfilt_sma_de[6]_iqr1-3;audSpec_Rfilt_sma_de[6]_percentile1.0;audSpec_Rfilt_sma_de[6]_percentile99.0;audSpec_Rfilt_sma_de[6]_pctlrange0-1;audSpec_Rfilt_sma_de[6]_stddev;audSpec_Rfilt_sma_de[6]_skewness;audSpec_Rfilt_sma_de[6]_kurtosis;audSpec_Rfilt_sma_de[6]_meanSegLen;audSpec_Rfilt_sma_de[6]_maxSegLen;audSpec_Rfilt_sma_de[6]_minSegLen;audSpec_Rfilt_sma_de[6]_segLenStddev;audSpec_Rfilt_sma_de[6]_upleveltime25;audSpec_Rfilt_sma_de[6]_upleveltime50;audSpec_Rfilt_sma_de[6]_upleveltime75;audSpec_Rfilt_sma_de[6]_upleveltime90;audSpec_Rfilt_sma_de[6]_risetime;audSpec_Rfilt_sma_de[6]_leftctime;audSpec_Rfilt_sma_de[6]_lpgain;audSpec_Rfilt_sma_de[6]_lpc0;audSpec_Rfilt_sma_de[6]_lpc1;audSpec_Rfilt_sma_de[6]_lpc2;audSpec_Rfilt_sma_de[6]_lpc3;audSpec_Rfilt_sma_de[6]_lpc4;audSpec_Rfilt_sma_de[7]_range;audSpec_Rfilt_sma_de[7]_maxPos;audSpec_Rfilt_sma_de[7]_minPos;audSpec_Rfilt_sma_de[7]_quartile1;audSpec_Rfilt_sma_de[7]_quartile2;audSpec_Rfilt_sma_de[7]_quartile3;audSpec_Rfilt_sma_de[7]_iqr1-2;audSpec_Rfilt_sma_de[7]_iqr2-3;audSpec_Rfilt_sma_de[7]_iqr1-3;audSpec_Rfilt_sma_de[7]_percentile1.0;audSpec_Rfilt_sma_de[7]_percentile99.0;audSpec_Rfilt_sma_de[7]_pctlrange0-1;audSpec_Rfilt_sma_de[7]_stddev;audSpec_Rfilt_sma_de[7]_skewness;audSpec_Rfilt_sma_de[7]_kurtosis;audSpec_Rfilt_sma_de[7]_meanSegLen;audSpec_Rfilt_sma_de[7]_maxSegLen;audSpec_Rfilt_sma_de[7]_minSegLen;audSpec_Rfilt_sma_de[7]_segLenStddev;audSpec_Rfilt_sma_de[7]_upleveltime25;audSpec_Rfilt_sma_de[7]_upleveltime50;audSpec_Rfilt_sma_de[7]_upleveltime75;audSpec_Rfilt_sma_de[7]_upleveltime90;audSpec_Rfilt_sma_de[7]_risetime;audSpec_Rfilt_sma_de[7]_leftctime;audSpec_Rfilt_sma_de[7]_lpgain;audSpec_Rfilt_sma_de[7]_lpc0;audSpec_Rfilt_sma_de[7]_lpc1;audSpec_Rfilt_sma_de[7]_lpc2;audSpec_Rfilt_sma_de[7]_lpc3;audSpec_Rfilt_sma_de[7]_lpc4;audSpec_Rfilt_sma_de[8]_range;audSpec_Rfilt_sma_de[8]_maxPos;audSpec_Rfilt_sma_de[8]_minPos;audSpec_Rfilt_sma_de[8]_quartile1;audSpec_Rfilt_sma_de[8]_quartile2;audSpec_Rfilt_sma_de[8]_quartile3;audSpec_Rfilt_sma_de[8]_iqr1-2;audSpec_Rfilt_sma_de[8]_iqr2-3;audSpec_Rfilt_sma_de[8]_iqr1-3;audSpec_Rfilt_sma_de[8]_percentile1.0;audSpec_Rfilt_sma_de[8]_percentile99.0;audSpec_Rfilt_sma_de[8]_pctlrange0-1;audSpec_Rfilt_sma_de[8]_stddev;audSpec_Rfilt_sma_de[8]_skewness;audSpec_Rfilt_sma_de[8]_kurtosis;audSpec_Rfilt_sma_de[8]_meanSegLen;audSpec_Rfilt_sma_de[8]_maxSegLen;audSpec_Rfilt_sma_de[8]_minSegLen;audSpec_Rfilt_sma_de[8]_segLenStddev;audSpec_Rfilt_sma_de[8]_upleveltime25;audSpec_Rfilt_sma_de[8]_upleveltime50;audSpec_Rfilt_sma_de[8]_upleveltime75;audSpec_Rfilt_sma_de[8]_upleveltime90;audSpec_Rfilt_sma_de[8]_risetime;audSpec_Rfilt_sma_de[8]_leftctime;audSpec_Rfilt_sma_de[8]_lpgain;audSpec_Rfilt_sma_de[8]_lpc0;audSpec_Rfilt_sma_de[8]_lpc1;audSpec_Rfilt_sma_de[8]_lpc2;audSpec_Rfilt_sma_de[8]_lpc3;audSpec_Rfilt_sma_de[8]_lpc4;audSpec_Rfilt_sma_de[9]_range;audSpec_Rfilt_sma_de[9]_maxPos;audSpec_Rfilt_sma_de[9]_minPos;audSpec_Rfilt_sma_de[9]_quartile1;audSpec_Rfilt_sma_de[9]_quartile2;audSpec_Rfilt_sma_de[9]_quartile3;audSpec_Rfilt_sma_de[9]_iqr1-2;audSpec_Rfilt_sma_de[9]_iqr2-3;audSpec_Rfilt_sma_de[9]_iqr1-3;audSpec_Rfilt_sma_de[9]_percentile1.0;audSpec_Rfilt_sma_de[9]_percentile99.0;audSpec_Rfilt_sma_de[9]_pctlrange0-1;audSpec_Rfilt_sma_de[9]_stddev;audSpec_Rfilt_sma_de[9]_skewness;audSpec_Rfilt_sma_de[9]_kurtosis;audSpec_Rfilt_sma_de[9]_meanSegLen;audSpec_Rfilt_sma_de[9]_maxSegLen;audSpec_Rfilt_sma_de[9]_minSegLen;audSpec_Rfilt_sma_de[9]_segLenStddev;audSpec_Rfilt_sma_de[9]_upleveltime25;audSpec_Rfilt_sma_de[9]_upleveltime50;audSpec_Rfilt_sma_de[9]_upleveltime75;audSpec_Rfilt_sma_de[9]_upleveltime90;audSpec_Rfilt_sma_de[9]_risetime;audSpec_Rfilt_sma_de[9]_leftctime;audSpec_Rfilt_sma_de[9]_lpgain;audSpec_Rfilt_sma_de[9]_lpc0;audSpec_Rfilt_sma_de[9]_lpc1;audSpec_Rfilt_sma_de[9]_lpc2;audSpec_Rfilt_sma_de[9]_lpc3;audSpec_Rfilt_sma_de[9]_lpc4;audSpec_Rfilt_sma_de[10]_range;audSpec_Rfilt_sma_de[10]_maxPos;audSpec_Rfilt_sma_de[10]_minPos;audSpec_Rfilt_sma_de[10]_quartile1;audSpec_Rfilt_sma_de[10]_quartile2;audSpec_Rfilt_sma_de[10]_quartile3;audSpec_Rfilt_sma_de[10]_iqr1-2;audSpec_Rfilt_sma_de[10]_iqr2-3;audSpec_Rfilt_sma_de[10]_iqr1-3;audSpec_Rfilt_sma_de[10]_percentile1.0;audSpec_Rfilt_sma_de[10]_percentile99.0;audSpec_Rfilt_sma_de[10]_pctlrange0-1;audSpec_Rfilt_sma_de[10]_stddev;audSpec_Rfilt_sma_de[10]_skewness;audSpec_Rfilt_sma_de[10]_kurtosis;audSpec_Rfilt_sma_de[10]_meanSegLen;audSpec_Rfilt_sma_de[10]_maxSegLen;audSpec_Rfilt_sma_de[10]_minSegLen;audSpec_Rfilt_sma_de[10]_segLenStddev;audSpec_Rfilt_sma_de[10]_upleveltime25;audSpec_Rfilt_sma_de[10]_upleveltime50;audSpec_Rfilt_sma_de[10]_upleveltime75;audSpec_Rfilt_sma_de[10]_upleveltime90;audSpec_Rfilt_sma_de[10]_risetime;audSpec_Rfilt_sma_de[10]_leftctime;audSpec_Rfilt_sma_de[10]_lpgain;audSpec_Rfilt_sma_de[10]_lpc0;audSpec_Rfilt_sma_de[10]_lpc1;audSpec_Rfilt_sma_de[10]_lpc2;audSpec_Rfilt_sma_de[10]_lpc3;audSpec_Rfilt_sma_de[10]_lpc4;audSpec_Rfilt_sma_de[11]_range;audSpec_Rfilt_sma_de[11]_maxPos;audSpec_Rfilt_sma_de[11]_minPos;audSpec_Rfilt_sma_de[11]_quartile1;audSpec_Rfilt_sma_de[11]_quartile2;audSpec_Rfilt_sma_de[11]_quartile3;audSpec_Rfilt_sma_de[11]_iqr1-2;audSpec_Rfilt_sma_de[11]_iqr2-3;audSpec_Rfilt_sma_de[11]_iqr1-3;audSpec_Rfilt_sma_de[11]_percentile1.0;audSpec_Rfilt_sma_de[11]_percentile99.0;audSpec_Rfilt_sma_de[11]_pctlrange0-1;audSpec_Rfilt_sma_de[11]_stddev;audSpec_Rfilt_sma_de[11]_skewness;audSpec_Rfilt_sma_de[11]_kurtosis;audSpec_Rfilt_sma_de[11]_meanSegLen;audSpec_Rfilt_sma_de[11]_maxSegLen;audSpec_Rfilt_sma_de[11]_minSegLen;audSpec_Rfilt_sma_de[11]_segLenStddev;audSpec_Rfilt_sma_de[11]_upleveltime25;audSpec_Rfilt_sma_de[11]_upleveltime50;audSpec_Rfilt_sma_de[11]_upleveltime75;audSpec_Rfilt_sma_de[11]_upleveltime90;audSpec_Rfilt_sma_de[11]_risetime;audSpec_Rfilt_sma_de[11]_leftctime;audSpec_Rfilt_sma_de[11]_lpgain;audSpec_Rfilt_sma_de[11]_lpc0;audSpec_Rfilt_sma_de[11]_lpc1;audSpec_Rfilt_sma_de[11]_lpc2;audSpec_Rfilt_sma_de[11]_lpc3;audSpec_Rfilt_sma_de[11]_lpc4;audSpec_Rfilt_sma_de[12]_range;audSpec_Rfilt_sma_de[12]_maxPos;audSpec_Rfilt_sma_de[12]_minPos;audSpec_Rfilt_sma_de[12]_quartile1;audSpec_Rfilt_sma_de[12]_quartile2;audSpec_Rfilt_sma_de[12]_quartile3;audSpec_Rfilt_sma_de[12]_iqr1-2;audSpec_Rfilt_sma_de[12]_iqr2-3;audSpec_Rfilt_sma_de[12]_iqr1-3;audSpec_Rfilt_sma_de[12]_percentile1.0;audSpec_Rfilt_sma_de[12]_percentile99.0;audSpec_Rfilt_sma_de[12]_pctlrange0-1;audSpec_Rfilt_sma_de[12]_stddev;audSpec_Rfilt_sma_de[12]_skewness;audSpec_Rfilt_sma_de[12]_kurtosis;audSpec_Rfilt_sma_de[12]_meanSegLen;audSpec_Rfilt_sma_de[12]_maxSegLen;audSpec_Rfilt_sma_de[12]_minSegLen;audSpec_Rfilt_sma_de[12]_segLenStddev;audSpec_Rfilt_sma_de[12]_upleveltime25;audSpec_Rfilt_sma_de[12]_upleveltime50;audSpec_Rfilt_sma_de[12]_upleveltime75;audSpec_Rfilt_sma_de[12]_upleveltime90;audSpec_Rfilt_sma_de[12]_risetime;audSpec_Rfilt_sma_de[12]_leftctime;audSpec_Rfilt_sma_de[12]_lpgain;audSpec_Rfilt_sma_de[12]_lpc0;audSpec_Rfilt_sma_de[12]_lpc1;audSpec_Rfilt_sma_de[12]_lpc2;audSpec_Rfilt_sma_de[12]_lpc3;audSpec_Rfilt_sma_de[12]_lpc4;audSpec_Rfilt_sma_de[13]_range;audSpec_Rfilt_sma_de[13]_maxPos;audSpec_Rfilt_sma_de[13]_minPos;audSpec_Rfilt_sma_de[13]_quartile1;audSpec_Rfilt_sma_de[13]_quartile2;audSpec_Rfilt_sma_de[13]_quartile3;audSpec_Rfilt_sma_de[13]_iqr1-2;audSpec_Rfilt_sma_de[13]_iqr2-3;audSpec_Rfilt_sma_de[13]_iqr1-3;audSpec_Rfilt_sma_de[13]_percentile1.0;audSpec_Rfilt_sma_de[13]_percentile99.0;audSpec_Rfilt_sma_de[13]_pctlrange0-1;audSpec_Rfilt_sma_de[13]_stddev;audSpec_Rfilt_sma_de[13]_skewness;audSpec_Rfilt_sma_de[13]_kurtosis;audSpec_Rfilt_sma_de[13]_meanSegLen;audSpec_Rfilt_sma_de[13]_maxSegLen;audSpec_Rfilt_sma_de[13]_minSegLen;audSpec_Rfilt_sma_de[13]_segLenStddev;audSpec_Rfilt_sma_de[13]_upleveltime25;audSpec_Rfilt_sma_de[13]_upleveltime50;audSpec_Rfilt_sma_de[13]_upleveltime75;audSpec_Rfilt_sma_de[13]_upleveltime90;audSpec_Rfilt_sma_de[13]_risetime;audSpec_Rfilt_sma_de[13]_leftctime;audSpec_Rfilt_sma_de[13]_lpgain;audSpec_Rfilt_sma_de[13]_lpc0;audSpec_Rfilt_sma_de[13]_lpc1;audSpec_Rfilt_sma_de[13]_lpc2;audSpec_Rfilt_sma_de[13]_lpc3;audSpec_Rfilt_sma_de[13]_lpc4;audSpec_Rfilt_sma_de[14]_range;audSpec_Rfilt_sma_de[14]_maxPos;audSpec_Rfilt_sma_de[14]_minPos;audSpec_Rfilt_sma_de[14]_quartile1;audSpec_Rfilt_sma_de[14]_quartile2;audSpec_Rfilt_sma_de[14]_quartile3;audSpec_Rfilt_sma_de[14]_iqr1-2;audSpec_Rfilt_sma_de[14]_iqr2-3;audSpec_Rfilt_sma_de[14]_iqr1-3;audSpec_Rfilt_sma_de[14]_percentile1.0;audSpec_Rfilt_sma_de[14]_percentile99.0;audSpec_Rfilt_sma_de[14]_pctlrange0-1;audSpec_Rfilt_sma_de[14]_stddev;audSpec_Rfilt_sma_de[14]_skewness;audSpec_Rfilt_sma_de[14]_kurtosis;audSpec_Rfilt_sma_de[14]_meanSegLen;audSpec_Rfilt_sma_de[14]_maxSegLen;audSpec_Rfilt_sma_de[14]_minSegLen;audSpec_Rfilt_sma_de[14]_segLenStddev;audSpec_Rfilt_sma_de[14]_upleveltime25;audSpec_Rfilt_sma_de[14]_upleveltime50;audSpec_Rfilt_sma_de[14]_upleveltime75;audSpec_Rfilt_sma_de[14]_upleveltime90;audSpec_Rfilt_sma_de[14]_risetime;audSpec_Rfilt_sma_de[14]_leftctime;audSpec_Rfilt_sma_de[14]_lpgain;audSpec_Rfilt_sma_de[14]_lpc0;audSpec_Rfilt_sma_de[14]_lpc1;audSpec_Rfilt_sma_de[14]_lpc2;audSpec_Rfilt_sma_de[14]_lpc3;audSpec_Rfilt_sma_de[14]_lpc4;audSpec_Rfilt_sma_de[15]_range;audSpec_Rfilt_sma_de[15]_maxPos;audSpec_Rfilt_sma_de[15]_minPos;audSpec_Rfilt_sma_de[15]_quartile1;audSpec_Rfilt_sma_de[15]_quartile2;audSpec_Rfilt_sma_de[15]_quartile3;audSpec_Rfilt_sma_de[15]_iqr1-2;audSpec_Rfilt_sma_de[15]_iqr2-3;audSpec_Rfilt_sma_de[15]_iqr1-3;audSpec_Rfilt_sma_de[15]_percentile1.0;audSpec_Rfilt_sma_de[15]_percentile99.0;audSpec_Rfilt_sma_de[15]_pctlrange0-1;audSpec_Rfilt_sma_de[15]_stddev;audSpec_Rfilt_sma_de[15]_skewness;audSpec_Rfilt_sma_de[15]_kurtosis;audSpec_Rfilt_sma_de[15]_meanSegLen;audSpec_Rfilt_sma_de[15]_maxSegLen;audSpec_Rfilt_sma_de[15]_minSegLen;audSpec_Rfilt_sma_de[15]_segLenStddev;audSpec_Rfilt_sma_de[15]_upleveltime25;audSpec_Rfilt_sma_de[15]_upleveltime50;audSpec_Rfilt_sma_de[15]_upleveltime75;audSpec_Rfilt_sma_de[15]_upleveltime90;audSpec_Rfilt_sma_de[15]_risetime;audSpec_Rfilt_sma_de[15]_leftctime;audSpec_Rfilt_sma_de[15]_lpgain;audSpec_Rfilt_sma_de[15]_lpc0;audSpec_Rfilt_sma_de[15]_lpc1;audSpec_Rfilt_sma_de[15]_lpc2;audSpec_Rfilt_sma_de[15]_lpc3;audSpec_Rfilt_sma_de[15]_lpc4;audSpec_Rfilt_sma_de[16]_range;audSpec_Rfilt_sma_de[16]_maxPos;audSpec_Rfilt_sma_de[16]_minPos;audSpec_Rfilt_sma_de[16]_quartile1;audSpec_Rfilt_sma_de[16]_quartile2;audSpec_Rfilt_sma_de[16]_quartile3;audSpec_Rfilt_sma_de[16]_iqr1-2;audSpec_Rfilt_sma_de[16]_iqr2-3;audSpec_Rfilt_sma_de[16]_iqr1-3;audSpec_Rfilt_sma_de[16]_percentile1.0;audSpec_Rfilt_sma_de[16]_percentile99.0;audSpec_Rfilt_sma_de[16]_pctlrange0-1;audSpec_Rfilt_sma_de[16]_stddev;audSpec_Rfilt_sma_de[16]_skewness;audSpec_Rfilt_sma_de[16]_kurtosis;audSpec_Rfilt_sma_de[16]_meanSegLen;audSpec_Rfilt_sma_de[16]_maxSegLen;audSpec_Rfilt_sma_de[16]_minSegLen;audSpec_Rfilt_sma_de[16]_segLenStddev;audSpec_Rfilt_sma_de[16]_upleveltime25;audSpec_Rfilt_sma_de[16]_upleveltime50;audSpec_Rfilt_sma_de[16]_upleveltime75;audSpec_Rfilt_sma_de[16]_upleveltime90;audSpec_Rfilt_sma_de[16]_risetime;audSpec_Rfilt_sma_de[16]_leftctime;audSpec_Rfilt_sma_de[16]_lpgain;audSpec_Rfilt_sma_de[16]_lpc0;audSpec_Rfilt_sma_de[16]_lpc1;audSpec_Rfilt_sma_de[16]_lpc2;audSpec_Rfilt_sma_de[16]_lpc3;audSpec_Rfilt_sma_de[16]_lpc4;audSpec_Rfilt_sma_de[17]_range;audSpec_Rfilt_sma_de[17]_maxPos;audSpec_Rfilt_sma_de[17]_minPos;audSpec_Rfilt_sma_de[17]_quartile1;audSpec_Rfilt_sma_de[17]_quartile2;audSpec_Rfilt_sma_de[17]_quartile3;audSpec_Rfilt_sma_de[17]_iqr1-2;audSpec_Rfilt_sma_de[17]_iqr2-3;audSpec_Rfilt_sma_de[17]_iqr1-3;audSpec_Rfilt_sma_de[17]_percentile1.0;audSpec_Rfilt_sma_de[17]_percentile99.0;audSpec_Rfilt_sma_de[17]_pctlrange0-1;audSpec_Rfilt_sma_de[17]_stddev;audSpec_Rfilt_sma_de[17]_skewness;audSpec_Rfilt_sma_de[17]_kurtosis;audSpec_Rfilt_sma_de[17]_meanSegLen;audSpec_Rfilt_sma_de[17]_maxSegLen;audSpec_Rfilt_sma_de[17]_minSegLen;audSpec_Rfilt_sma_de[17]_segLenStddev;audSpec_Rfilt_sma_de[17]_upleveltime25;audSpec_Rfilt_sma_de[17]_upleveltime50;audSpec_Rfilt_sma_de[17]_upleveltime75;audSpec_Rfilt_sma_de[17]_upleveltime90;audSpec_Rfilt_sma_de[17]_risetime;audSpec_Rfilt_sma_de[17]_leftctime;audSpec_Rfilt_sma_de[17]_lpgain;audSpec_Rfilt_sma_de[17]_lpc0;audSpec_Rfilt_sma_de[17]_lpc1;audSpec_Rfilt_sma_de[17]_lpc2;audSpec_Rfilt_sma_de[17]_lpc3;audSpec_Rfilt_sma_de[17]_lpc4;audSpec_Rfilt_sma_de[18]_range;audSpec_Rfilt_sma_de[18]_maxPos;audSpec_Rfilt_sma_de[18]_minPos;audSpec_Rfilt_sma_de[18]_quartile1;audSpec_Rfilt_sma_de[18]_quartile2;audSpec_Rfilt_sma_de[18]_quartile3;audSpec_Rfilt_sma_de[18]_iqr1-2;audSpec_Rfilt_sma_de[18]_iqr2-3;audSpec_Rfilt_sma_de[18]_iqr1-3;audSpec_Rfilt_sma_de[18]_percentile1.0;audSpec_Rfilt_sma_de[18]_percentile99.0;audSpec_Rfilt_sma_de[18]_pctlrange0-1;audSpec_Rfilt_sma_de[18]_stddev;audSpec_Rfilt_sma_de[18]_skewness;audSpec_Rfilt_sma_de[18]_kurtosis;audSpec_Rfilt_sma_de[18]_meanSegLen;audSpec_Rfilt_sma_de[18]_maxSegLen;audSpec_Rfilt_sma_de[18]_minSegLen;audSpec_Rfilt_sma_de[18]_segLenStddev;audSpec_Rfilt_sma_de[18]_upleveltime25;audSpec_Rfilt_sma_de[18]_upleveltime50;audSpec_Rfilt_sma_de[18]_upleveltime75;audSpec_Rfilt_sma_de[18]_upleveltime90;audSpec_Rfilt_sma_de[18]_risetime;audSpec_Rfilt_sma_de[18]_leftctime;audSpec_Rfilt_sma_de[18]_lpgain;audSpec_Rfilt_sma_de[18]_lpc0;audSpec_Rfilt_sma_de[18]_lpc1;audSpec_Rfilt_sma_de[18]_lpc2;audSpec_Rfilt_sma_de[18]_lpc3;audSpec_Rfilt_sma_de[18]_lpc4;audSpec_Rfilt_sma_de[19]_range;audSpec_Rfilt_sma_de[19]_maxPos;audSpec_Rfilt_sma_de[19]_minPos;audSpec_Rfilt_sma_de[19]_quartile1;audSpec_Rfilt_sma_de[19]_quartile2;audSpec_Rfilt_sma_de[19]_quartile3;audSpec_Rfilt_sma_de[19]_iqr1-2;audSpec_Rfilt_sma_de[19]_iqr2-3;audSpec_Rfilt_sma_de[19]_iqr1-3;audSpec_Rfilt_sma_de[19]_percentile1.0;audSpec_Rfilt_sma_de[19]_percentile99.0;audSpec_Rfilt_sma_de[19]_pctlrange0-1;audSpec_Rfilt_sma_de[19]_stddev;audSpec_Rfilt_sma_de[19]_skewness;audSpec_Rfilt_sma_de[19]_kurtosis;audSpec_Rfilt_sma_de[19]_meanSegLen;audSpec_Rfilt_sma_de[19]_maxSegLen;audSpec_Rfilt_sma_de[19]_minSegLen;audSpec_Rfilt_sma_de[19]_segLenStddev;audSpec_Rfilt_sma_de[19]_upleveltime25;audSpec_Rfilt_sma_de[19]_upleveltime50;audSpec_Rfilt_sma_de[19]_upleveltime75;audSpec_Rfilt_sma_de[19]_upleveltime90;audSpec_Rfilt_sma_de[19]_risetime;audSpec_Rfilt_sma_de[19]_leftctime;audSpec_Rfilt_sma_de[19]_lpgain;audSpec_Rfilt_sma_de[19]_lpc0;audSpec_Rfilt_sma_de[19]_lpc1;audSpec_Rfilt_sma_de[19]_lpc2;audSpec_Rfilt_sma_de[19]_lpc3;audSpec_Rfilt_sma_de[19]_lpc4;audSpec_Rfilt_sma_de[20]_range;audSpec_Rfilt_sma_de[20]_maxPos;audSpec_Rfilt_sma_de[20]_minPos;audSpec_Rfilt_sma_de[20]_quartile1;audSpec_Rfilt_sma_de[20]_quartile2;audSpec_Rfilt_sma_de[20]_quartile3;audSpec_Rfilt_sma_de[20]_iqr1-2;audSpec_Rfilt_sma_de[20]_iqr2-3;audSpec_Rfilt_sma_de[20]_iqr1-3;audSpec_Rfilt_sma_de[20]_percentile1.0;audSpec_Rfilt_sma_de[20]_percentile99.0;audSpec_Rfilt_sma_de[20]_pctlrange0-1;audSpec_Rfilt_sma_de[20]_stddev;audSpec_Rfilt_sma_de[20]_skewness;audSpec_Rfilt_sma_de[20]_kurtosis;audSpec_Rfilt_sma_de[20]_meanSegLen;audSpec_Rfilt_sma_de[20]_maxSegLen;audSpec_Rfilt_sma_de[20]_minSegLen;audSpec_Rfilt_sma_de[20]_segLenStddev;audSpec_Rfilt_sma_de[20]_upleveltime25;audSpec_Rfilt_sma_de[20]_upleveltime50;audSpec_Rfilt_sma_de[20]_upleveltime75;audSpec_Rfilt_sma_de[20]_upleveltime90;audSpec_Rfilt_sma_de[20]_risetime;audSpec_Rfilt_sma_de[20]_leftctime;audSpec_Rfilt_sma_de[20]_lpgain;audSpec_Rfilt_sma_de[20]_lpc0;audSpec_Rfilt_sma_de[20]_lpc1;audSpec_Rfilt_sma_de[20]_lpc2;audSpec_Rfilt_sma_de[20]_lpc3;audSpec_Rfilt_sma_de[20]_lpc4;audSpec_Rfilt_sma_de[21]_range;audSpec_Rfilt_sma_de[21]_maxPos;audSpec_Rfilt_sma_de[21]_minPos;audSpec_Rfilt_sma_de[21]_quartile1;audSpec_Rfilt_sma_de[21]_quartile2;audSpec_Rfilt_sma_de[21]_quartile3;audSpec_Rfilt_sma_de[21]_iqr1-2;audSpec_Rfilt_sma_de[21]_iqr2-3;audSpec_Rfilt_sma_de[21]_iqr1-3;audSpec_Rfilt_sma_de[21]_percentile1.0;audSpec_Rfilt_sma_de[21]_percentile99.0;audSpec_Rfilt_sma_de[21]_pctlrange0-1;audSpec_Rfilt_sma_de[21]_stddev;audSpec_Rfilt_sma_de[21]_skewness;audSpec_Rfilt_sma_de[21]_kurtosis;audSpec_Rfilt_sma_de[21]_meanSegLen;audSpec_Rfilt_sma_de[21]_maxSegLen;audSpec_Rfilt_sma_de[21]_minSegLen;audSpec_Rfilt_sma_de[21]_segLenStddev;audSpec_Rfilt_sma_de[21]_upleveltime25;audSpec_Rfilt_sma_de[21]_upleveltime50;audSpec_Rfilt_sma_de[21]_upleveltime75;audSpec_Rfilt_sma_de[21]_upleveltime90;audSpec_Rfilt_sma_de[21]_risetime;audSpec_Rfilt_sma_de[21]_leftctime;audSpec_Rfilt_sma_de[21]_lpgain;audSpec_Rfilt_sma_de[21]_lpc0;audSpec_Rfilt_sma_de[21]_lpc1;audSpec_Rfilt_sma_de[21]_lpc2;audSpec_Rfilt_sma_de[21]_lpc3;audSpec_Rfilt_sma_de[21]_lpc4;audSpec_Rfilt_sma_de[22]_range;audSpec_Rfilt_sma_de[22]_maxPos;audSpec_Rfilt_sma_de[22]_minPos;audSpec_Rfilt_sma_de[22]_quartile1;audSpec_Rfilt_sma_de[22]_quartile2;audSpec_Rfilt_sma_de[22]_quartile3;audSpec_Rfilt_sma_de[22]_iqr1-2;audSpec_Rfilt_sma_de[22]_iqr2-3;audSpec_Rfilt_sma_de[22]_iqr1-3;audSpec_Rfilt_sma_de[22]_percentile1.0;audSpec_Rfilt_sma_de[22]_percentile99.0;audSpec_Rfilt_sma_de[22]_pctlrange0-1;audSpec_Rfilt_sma_de[22]_stddev;audSpec_Rfilt_sma_de[22]_skewness;audSpec_Rfilt_sma_de[22]_kurtosis;audSpec_Rfilt_sma_de[22]_meanSegLen;audSpec_Rfilt_sma_de[22]_maxSegLen;audSpec_Rfilt_sma_de[22]_minSegLen;audSpec_Rfilt_sma_de[22]_segLenStddev;audSpec_Rfilt_sma_de[22]_upleveltime25;audSpec_Rfilt_sma_de[22]_upleveltime50;audSpec_Rfilt_sma_de[22]_upleveltime75;audSpec_Rfilt_sma_de[22]_upleveltime90;audSpec_Rfilt_sma_de[22]_risetime;audSpec_Rfilt_sma_de[22]_leftctime;audSpec_Rfilt_sma_de[22]_lpgain;audSpec_Rfilt_sma_de[22]_lpc0;audSpec_Rfilt_sma_de[22]_lpc1;audSpec_Rfilt_sma_de[22]_lpc2;audSpec_Rfilt_sma_de[22]_lpc3;audSpec_Rfilt_sma_de[22]_lpc4;audSpec_Rfilt_sma_de[23]_range;audSpec_Rfilt_sma_de[23]_maxPos;audSpec_Rfilt_sma_de[23]_minPos;audSpec_Rfilt_sma_de[23]_quartile1;audSpec_Rfilt_sma_de[23]_quartile2;audSpec_Rfilt_sma_de[23]_quartile3;audSpec_Rfilt_sma_de[23]_iqr1-2;audSpec_Rfilt_sma_de[23]_iqr2-3;audSpec_Rfilt_sma_de[23]_iqr1-3;audSpec_Rfilt_sma_de[23]_percentile1.0;audSpec_Rfilt_sma_de[23]_percentile99.0;audSpec_Rfilt_sma_de[23]_pctlrange0-1;audSpec_Rfilt_sma_de[23]_stddev;audSpec_Rfilt_sma_de[23]_skewness;audSpec_Rfilt_sma_de[23]_kurtosis;audSpec_Rfilt_sma_de[23]_meanSegLen;audSpec_Rfilt_sma_de[23]_maxSegLen;audSpec_Rfilt_sma_de[23]_minSegLen;audSpec_Rfilt_sma_de[23]_segLenStddev;audSpec_Rfilt_sma_de[23]_upleveltime25;audSpec_Rfilt_sma_de[23]_upleveltime50;audSpec_Rfilt_sma_de[23]_upleveltime75;audSpec_Rfilt_sma_de[23]_upleveltime90;audSpec_Rfilt_sma_de[23]_risetime;audSpec_Rfilt_sma_de[23]_leftctime;audSpec_Rfilt_sma_de[23]_lpgain;audSpec_Rfilt_sma_de[23]_lpc0;audSpec_Rfilt_sma_de[23]_lpc1;audSpec_Rfilt_sma_de[23]_lpc2;audSpec_Rfilt_sma_de[23]_lpc3;audSpec_Rfilt_sma_de[23]_lpc4;audSpec_Rfilt_sma_de[24]_range;audSpec_Rfilt_sma_de[24]_maxPos;audSpec_Rfilt_sma_de[24]_minPos;audSpec_Rfilt_sma_de[24]_quartile1;audSpec_Rfilt_sma_de[24]_quartile2;audSpec_Rfilt_sma_de[24]_quartile3;audSpec_Rfilt_sma_de[24]_iqr1-2;audSpec_Rfilt_sma_de[24]_iqr2-3;audSpec_Rfilt_sma_de[24]_iqr1-3;audSpec_Rfilt_sma_de[24]_percentile1.0;audSpec_Rfilt_sma_de[24]_percentile99.0;audSpec_Rfilt_sma_de[24]_pctlrange0-1;audSpec_Rfilt_sma_de[24]_stddev;audSpec_Rfilt_sma_de[24]_skewness;audSpec_Rfilt_sma_de[24]_kurtosis;audSpec_Rfilt_sma_de[24]_meanSegLen;audSpec_Rfilt_sma_de[24]_maxSegLen;audSpec_Rfilt_sma_de[24]_minSegLen;audSpec_Rfilt_sma_de[24]_segLenStddev;audSpec_Rfilt_sma_de[24]_upleveltime25;audSpec_Rfilt_sma_de[24]_upleveltime50;audSpec_Rfilt_sma_de[24]_upleveltime75;audSpec_Rfilt_sma_de[24]_upleveltime90;audSpec_Rfilt_sma_de[24]_risetime;audSpec_Rfilt_sma_de[24]_leftctime;audSpec_Rfilt_sma_de[24]_lpgain;audSpec_Rfilt_sma_de[24]_lpc0;audSpec_Rfilt_sma_de[24]_lpc1;audSpec_Rfilt_sma_de[24]_lpc2;audSpec_Rfilt_sma_de[24]_lpc3;audSpec_Rfilt_sma_de[24]_lpc4;audSpec_Rfilt_sma_de[25]_range;audSpec_Rfilt_sma_de[25]_maxPos;audSpec_Rfilt_sma_de[25]_minPos;audSpec_Rfilt_sma_de[25]_quartile1;audSpec_Rfilt_sma_de[25]_quartile2;audSpec_Rfilt_sma_de[25]_quartile3;audSpec_Rfilt_sma_de[25]_iqr1-2;audSpec_Rfilt_sma_de[25]_iqr2-3;audSpec_Rfilt_sma_de[25]_iqr1-3;audSpec_Rfilt_sma_de[25]_percentile1.0;audSpec_Rfilt_sma_de[25]_percentile99.0;audSpec_Rfilt_sma_de[25]_pctlrange0-1;audSpec_Rfilt_sma_de[25]_stddev;audSpec_Rfilt_sma_de[25]_skewness;audSpec_Rfilt_sma_de[25]_kurtosis;audSpec_Rfilt_sma_de[25]_meanSegLen;audSpec_Rfilt_sma_de[25]_maxSegLen;audSpec_Rfilt_sma_de[25]_minSegLen;audSpec_Rfilt_sma_de[25]_segLenStddev;audSpec_Rfilt_sma_de[25]_upleveltime25;audSpec_Rfilt_sma_de[25]_upleveltime50;audSpec_Rfilt_sma_de[25]_upleveltime75;audSpec_Rfilt_sma_de[25]_upleveltime90;audSpec_Rfilt_sma_de[25]_risetime;audSpec_Rfilt_sma_de[25]_leftctime;audSpec_Rfilt_sma_de[25]_lpgain;audSpec_Rfilt_sma_de[25]_lpc0;audSpec_Rfilt_sma_de[25]_lpc1;audSpec_Rfilt_sma_de[25]_lpc2;audSpec_Rfilt_sma_de[25]_lpc3;audSpec_Rfilt_sma_de[25]_lpc4;pcm_fftMag_fband250-650_sma_de_range;pcm_fftMag_fband250-650_sma_de_maxPos;pcm_fftMag_fband250-650_sma_de_minPos;pcm_fftMag_fband250-650_sma_de_quartile1;pcm_fftMag_fband250-650_sma_de_quartile2;pcm_fftMag_fband250-650_sma_de_quartile3;pcm_fftMag_fband250-650_sma_de_iqr1-2;pcm_fftMag_fband250-650_sma_de_iqr2-3;pcm_fftMag_fband250-650_sma_de_iqr1-3;pcm_fftMag_fband250-650_sma_de_percentile1.0;pcm_fftMag_fband250-650_sma_de_percentile99.0;pcm_fftMag_fband250-650_sma_de_pctlrange0-1;pcm_fftMag_fband250-650_sma_de_stddev;pcm_fftMag_fband250-650_sma_de_skewness;pcm_fftMag_fband250-650_sma_de_kurtosis;pcm_fftMag_fband250-650_sma_de_meanSegLen;pcm_fftMag_fband250-650_sma_de_maxSegLen;pcm_fftMag_fband250-650_sma_de_minSegLen;pcm_fftMag_fband250-650_sma_de_segLenStddev;pcm_fftMag_fband250-650_sma_de_upleveltime25;pcm_fftMag_fband250-650_sma_de_upleveltime50;pcm_fftMag_fband250-650_sma_de_upleveltime75;pcm_fftMag_fband250-650_sma_de_upleveltime90;pcm_fftMag_fband250-650_sma_de_risetime;pcm_fftMag_fband250-650_sma_de_leftctime;pcm_fftMag_fband250-650_sma_de_lpgain;pcm_fftMag_fband250-650_sma_de_lpc0;pcm_fftMag_fband250-650_sma_de_lpc1;pcm_fftMag_fband250-650_sma_de_lpc2;pcm_fftMag_fband250-650_sma_de_lpc3;pcm_fftMag_fband250-650_sma_de_lpc4;pcm_fftMag_fband1000-4000_sma_de_range;pcm_fftMag_fband1000-4000_sma_de_maxPos;pcm_fftMag_fband1000-4000_sma_de_minPos;pcm_fftMag_fband1000-4000_sma_de_quartile1;pcm_fftMag_fband1000-4000_sma_de_quartile2;pcm_fftMag_fband1000-4000_sma_de_quartile3;pcm_fftMag_fband1000-4000_sma_de_iqr1-2;pcm_fftMag_fband1000-4000_sma_de_iqr2-3;pcm_fftMag_fband1000-4000_sma_de_iqr1-3;pcm_fftMag_fband1000-4000_sma_de_percentile1.0;pcm_fftMag_fband1000-4000_sma_de_percentile99.0;pcm_fftMag_fband1000-4000_sma_de_pctlrange0-1;pcm_fftMag_fband1000-4000_sma_de_stddev;pcm_fftMag_fband1000-4000_sma_de_skewness;pcm_fftMag_fband1000-4000_sma_de_kurtosis;pcm_fftMag_fband1000-4000_sma_de_meanSegLen;pcm_fftMag_fband1000-4000_sma_de_maxSegLen;pcm_fftMag_fband1000-4000_sma_de_minSegLen;pcm_fftMag_fband1000-4000_sma_de_segLenStddev;pcm_fftMag_fband1000-4000_sma_de_upleveltime25;pcm_fftMag_fband1000-4000_sma_de_upleveltime50;pcm_fftMag_fband1000-4000_sma_de_upleveltime75;pcm_fftMag_fband1000-4000_sma_de_upleveltime90;pcm_fftMag_fband1000-4000_sma_de_risetime;pcm_fftMag_fband1000-4000_sma_de_leftctime;pcm_fftMag_fband1000-4000_sma_de_lpgain;pcm_fftMag_fband1000-4000_sma_de_lpc0;pcm_fftMag_fband1000-4000_sma_de_lpc1;pcm_fftMag_fband1000-4000_sma_de_lpc2;pcm_fftMag_fband1000-4000_sma_de_lpc3;pcm_fftMag_fband1000-4000_sma_de_lpc4;pcm_fftMag_spectralRollOff25.0_sma_de_range;pcm_fftMag_spectralRollOff25.0_sma_de_maxPos;pcm_fftMag_spectralRollOff25.0_sma_de_minPos;pcm_fftMag_spectralRollOff25.0_sma_de_quartile1;pcm_fftMag_spectralRollOff25.0_sma_de_quartile2;pcm_fftMag_spectralRollOff25.0_sma_de_quartile3;pcm_fftMag_spectralRollOff25.0_sma_de_iqr1-2;pcm_fftMag_spectralRollOff25.0_sma_de_iqr2-3;pcm_fftMag_spectralRollOff25.0_sma_de_iqr1-3;pcm_fftMag_spectralRollOff25.0_sma_de_percentile1.0;pcm_fftMag_spectralRollOff25.0_sma_de_percentile99.0;pcm_fftMag_spectralRollOff25.0_sma_de_pctlrange0-1;pcm_fftMag_spectralRollOff25.0_sma_de_stddev;pcm_fftMag_spectralRollOff25.0_sma_de_skewness;pcm_fftMag_spectralRollOff25.0_sma_de_kurtosis;pcm_fftMag_spectralRollOff25.0_sma_de_meanSegLen;pcm_fftMag_spectralRollOff25.0_sma_de_maxSegLen;pcm_fftMag_spectralRollOff25.0_sma_de_minSegLen;pcm_fftMag_spectralRollOff25.0_sma_de_segLenStddev;pcm_fftMag_spectralRollOff25.0_sma_de_upleveltime25;pcm_fftMag_spectralRollOff25.0_sma_de_upleveltime50;pcm_fftMag_spectralRollOff25.0_sma_de_upleveltime75;pcm_fftMag_spectralRollOff25.0_sma_de_upleveltime90;pcm_fftMag_spectralRollOff25.0_sma_de_risetime;pcm_fftMag_spectralRollOff25.0_sma_de_leftctime;pcm_fftMag_spectralRollOff25.0_sma_de_lpgain;pcm_fftMag_spectralRollOff25.0_sma_de_lpc0;pcm_fftMag_spectralRollOff25.0_sma_de_lpc1;pcm_fftMag_spectralRollOff25.0_sma_de_lpc2;pcm_fftMag_spectralRollOff25.0_sma_de_lpc3;pcm_fftMag_spectralRollOff25.0_sma_de_lpc4;pcm_fftMag_spectralRollOff50.0_sma_de_range;pcm_fftMag_spectralRollOff50.0_sma_de_maxPos;pcm_fftMag_spectralRollOff50.0_sma_de_minPos;pcm_fftMag_spectralRollOff50.0_sma_de_quartile1;pcm_fftMag_spectralRollOff50.0_sma_de_quartile2;pcm_fftMag_spectralRollOff50.0_sma_de_quartile3;pcm_fftMag_spectralRollOff50.0_sma_de_iqr1-2;pcm_fftMag_spectralRollOff50.0_sma_de_iqr2-3;pcm_fftMag_spectralRollOff50.0_sma_de_iqr1-3;pcm_fftMag_spectralRollOff50.0_sma_de_percentile1.0;pcm_fftMag_spectralRollOff50.0_sma_de_percentile99.0;pcm_fftMag_spectralRollOff50.0_sma_de_pctlrange0-1;pcm_fftMag_spectralRollOff50.0_sma_de_stddev;pcm_fftMag_spectralRollOff50.0_sma_de_skewness;pcm_fftMag_spectralRollOff50.0_sma_de_kurtosis;pcm_fftMag_spectralRollOff50.0_sma_de_meanSegLen;pcm_fftMag_spectralRollOff50.0_sma_de_maxSegLen;pcm_fftMag_spectralRollOff50.0_sma_de_minSegLen;pcm_fftMag_spectralRollOff50.0_sma_de_segLenStddev;pcm_fftMag_spectralRollOff50.0_sma_de_upleveltime25;pcm_fftMag_spectralRollOff50.0_sma_de_upleveltime50;pcm_fftMag_spectralRollOff50.0_sma_de_upleveltime75;pcm_fftMag_spectralRollOff50.0_sma_de_upleveltime90;pcm_fftMag_spectralRollOff50.0_sma_de_risetime;pcm_fftMag_spectralRollOff50.0_sma_de_leftctime;pcm_fftMag_spectralRollOff50.0_sma_de_lpgain;pcm_fftMag_spectralRollOff50.0_sma_de_lpc0;pcm_fftMag_spectralRollOff50.0_sma_de_lpc1;pcm_fftMag_spectralRollOff50.0_sma_de_lpc2;pcm_fftMag_spectralRollOff50.0_sma_de_lpc3;pcm_fftMag_spectralRollOff50.0_sma_de_lpc4;pcm_fftMag_spectralRollOff75.0_sma_de_range;pcm_fftMag_spectralRollOff75.0_sma_de_maxPos;pcm_fftMag_spectralRollOff75.0_sma_de_minPos;pcm_fftMag_spectralRollOff75.0_sma_de_quartile1;pcm_fftMag_spectralRollOff75.0_sma_de_quartile2;pcm_fftMag_spectralRollOff75.0_sma_de_quartile3;pcm_fftMag_spectralRollOff75.0_sma_de_iqr1-2;pcm_fftMag_spectralRollOff75.0_sma_de_iqr2-3;pcm_fftMag_spectralRollOff75.0_sma_de_iqr1-3;pcm_fftMag_spectralRollOff75.0_sma_de_percentile1.0;pcm_fftMag_spectralRollOff75.0_sma_de_percentile99.0;pcm_fftMag_spectralRollOff75.0_sma_de_pctlrange0-1;pcm_fftMag_spectralRollOff75.0_sma_de_stddev;pcm_fftMag_spectralRollOff75.0_sma_de_skewness;pcm_fftMag_spectralRollOff75.0_sma_de_kurtosis;pcm_fftMag_spectralRollOff75.0_sma_de_meanSegLen;pcm_fftMag_spectralRollOff75.0_sma_de_maxSegLen;pcm_fftMag_spectralRollOff75.0_sma_de_minSegLen;pcm_fftMag_spectralRollOff75.0_sma_de_segLenStddev;pcm_fftMag_spectralRollOff75.0_sma_de_upleveltime25;pcm_fftMag_spectralRollOff75.0_sma_de_upleveltime50;pcm_fftMag_spectralRollOff75.0_sma_de_upleveltime75;pcm_fftMag_spectralRollOff75.0_sma_de_upleveltime90;pcm_fftMag_spectralRollOff75.0_sma_de_risetime;pcm_fftMag_spectralRollOff75.0_sma_de_leftctime;pcm_fftMag_spectralRollOff75.0_sma_de_lpgain;pcm_fftMag_spectralRollOff75.0_sma_de_lpc0;pcm_fftMag_spectralRollOff75.0_sma_de_lpc1;pcm_fftMag_spectralRollOff75.0_sma_de_lpc2;pcm_fftMag_spectralRollOff75.0_sma_de_lpc3;pcm_fftMag_spectralRollOff75.0_sma_de_lpc4;pcm_fftMag_spectralRollOff90.0_sma_de_range;pcm_fftMag_spectralRollOff90.0_sma_de_maxPos;pcm_fftMag_spectralRollOff90.0_sma_de_minPos;pcm_fftMag_spectralRollOff90.0_sma_de_quartile1;pcm_fftMag_spectralRollOff90.0_sma_de_quartile2;pcm_fftMag_spectralRollOff90.0_sma_de_quartile3;pcm_fftMag_spectralRollOff90.0_sma_de_iqr1-2;pcm_fftMag_spectralRollOff90.0_sma_de_iqr2-3;pcm_fftMag_spectralRollOff90.0_sma_de_iqr1-3;pcm_fftMag_spectralRollOff90.0_sma_de_percentile1.0;pcm_fftMag_spectralRollOff90.0_sma_de_percentile99.0;pcm_fftMag_spectralRollOff90.0_sma_de_pctlrange0-1;pcm_fftMag_spectralRollOff90.0_sma_de_stddev;pcm_fftMag_spectralRollOff90.0_sma_de_skewness;pcm_fftMag_spectralRollOff90.0_sma_de_kurtosis;pcm_fftMag_spectralRollOff90.0_sma_de_meanSegLen;pcm_fftMag_spectralRollOff90.0_sma_de_maxSegLen;pcm_fftMag_spectralRollOff90.0_sma_de_minSegLen;pcm_fftMag_spectralRollOff90.0_sma_de_segLenStddev;pcm_fftMag_spectralRollOff90.0_sma_de_upleveltime25;pcm_fftMag_spectralRollOff90.0_sma_de_upleveltime50;pcm_fftMag_spectralRollOff90.0_sma_de_upleveltime75;pcm_fftMag_spectralRollOff90.0_sma_de_upleveltime90;pcm_fftMag_spectralRollOff90.0_sma_de_risetime;pcm_fftMag_spectralRollOff90.0_sma_de_leftctime;pcm_fftMag_spectralRollOff90.0_sma_de_lpgain;pcm_fftMag_spectralRollOff90.0_sma_de_lpc0;pcm_fftMag_spectralRollOff90.0_sma_de_lpc1;pcm_fftMag_spectralRollOff90.0_sma_de_lpc2;pcm_fftMag_spectralRollOff90.0_sma_de_lpc3;pcm_fftMag_spectralRollOff90.0_sma_de_lpc4;pcm_fftMag_spectralFlux_sma_de_range;pcm_fftMag_spectralFlux_sma_de_maxPos;pcm_fftMag_spectralFlux_sma_de_minPos;pcm_fftMag_spectralFlux_sma_de_quartile1;pcm_fftMag_spectralFlux_sma_de_quartile2;pcm_fftMag_spectralFlux_sma_de_quartile3;pcm_fftMag_spectralFlux_sma_de_iqr1-2;pcm_fftMag_spectralFlux_sma_de_iqr2-3;pcm_fftMag_spectralFlux_sma_de_iqr1-3;pcm_fftMag_spectralFlux_sma_de_percentile1.0;pcm_fftMag_spectralFlux_sma_de_percentile99.0;pcm_fftMag_spectralFlux_sma_de_pctlrange0-1;pcm_fftMag_spectralFlux_sma_de_stddev;pcm_fftMag_spectralFlux_sma_de_skewness;pcm_fftMag_spectralFlux_sma_de_kurtosis;pcm_fftMag_spectralFlux_sma_de_meanSegLen;pcm_fftMag_spectralFlux_sma_de_maxSegLen;pcm_fftMag_spectralFlux_sma_de_minSegLen;pcm_fftMag_spectralFlux_sma_de_segLenStddev;pcm_fftMag_spectralFlux_sma_de_upleveltime25;pcm_fftMag_spectralFlux_sma_de_upleveltime50;pcm_fftMag_spectralFlux_sma_de_upleveltime75;pcm_fftMag_spectralFlux_sma_de_upleveltime90;pcm_fftMag_spectralFlux_sma_de_risetime;pcm_fftMag_spectralFlux_sma_de_leftctime;pcm_fftMag_spectralFlux_sma_de_lpgain;pcm_fftMag_spectralFlux_sma_de_lpc0;pcm_fftMag_spectralFlux_sma_de_lpc1;pcm_fftMag_spectralFlux_sma_de_lpc2;pcm_fftMag_spectralFlux_sma_de_lpc3;pcm_fftMag_spectralFlux_sma_de_lpc4;pcm_fftMag_spectralCentroid_sma_de_range;pcm_fftMag_spectralCentroid_sma_de_maxPos;pcm_fftMag_spectralCentroid_sma_de_minPos;pcm_fftMag_spectralCentroid_sma_de_quartile1;pcm_fftMag_spectralCentroid_sma_de_quartile2;pcm_fftMag_spectralCentroid_sma_de_quartile3;pcm_fftMag_spectralCentroid_sma_de_iqr1-2;pcm_fftMag_spectralCentroid_sma_de_iqr2-3;pcm_fftMag_spectralCentroid_sma_de_iqr1-3;pcm_fftMag_spectralCentroid_sma_de_percentile1.0;pcm_fftMag_spectralCentroid_sma_de_percentile99.0;pcm_fftMag_spectralCentroid_sma_de_pctlrange0-1;pcm_fftMag_spectralCentroid_sma_de_stddev;pcm_fftMag_spectralCentroid_sma_de_skewness;pcm_fftMag_spectralCentroid_sma_de_kurtosis;pcm_fftMag_spectralCentroid_sma_de_meanSegLen;pcm_fftMag_spectralCentroid_sma_de_maxSegLen;pcm_fftMag_spectralCentroid_sma_de_minSegLen;pcm_fftMag_spectralCentroid_sma_de_segLenStddev;pcm_fftMag_spectralCentroid_sma_de_upleveltime25;pcm_fftMag_spectralCentroid_sma_de_upleveltime50;pcm_fftMag_spectralCentroid_sma_de_upleveltime75;pcm_fftMag_spectralCentroid_sma_de_upleveltime90;pcm_fftMag_spectralCentroid_sma_de_risetime;pcm_fftMag_spectralCentroid_sma_de_leftctime;pcm_fftMag_spectralCentroid_sma_de_lpgain;pcm_fftMag_spectralCentroid_sma_de_lpc0;pcm_fftMag_spectralCentroid_sma_de_lpc1;pcm_fftMag_spectralCentroid_sma_de_lpc2;pcm_fftMag_spectralCentroid_sma_de_lpc3;pcm_fftMag_spectralCentroid_sma_de_lpc4;pcm_fftMag_spectralEntropy_sma_de_range;pcm_fftMag_spectralEntropy_sma_de_maxPos;pcm_fftMag_spectralEntropy_sma_de_minPos;pcm_fftMag_spectralEntropy_sma_de_quartile1;pcm_fftMag_spectralEntropy_sma_de_quartile2;pcm_fftMag_spectralEntropy_sma_de_quartile3;pcm_fftMag_spectralEntropy_sma_de_iqr1-2;pcm_fftMag_spectralEntropy_sma_de_iqr2-3;pcm_fftMag_spectralEntropy_sma_de_iqr1-3;pcm_fftMag_spectralEntropy_sma_de_percentile1.0;pcm_fftMag_spectralEntropy_sma_de_percentile99.0;pcm_fftMag_spectralEntropy_sma_de_pctlrange0-1;pcm_fftMag_spectralEntropy_sma_de_stddev;pcm_fftMag_spectralEntropy_sma_de_skewness;pcm_fftMag_spectralEntropy_sma_de_kurtosis;pcm_fftMag_spectralEntropy_sma_de_meanSegLen;pcm_fftMag_spectralEntropy_sma_de_maxSegLen;pcm_fftMag_spectralEntropy_sma_de_minSegLen;pcm_fftMag_spectralEntropy_sma_de_segLenStddev;pcm_fftMag_spectralEntropy_sma_de_upleveltime25;pcm_fftMag_spectralEntropy_sma_de_upleveltime50;pcm_fftMag_spectralEntropy_sma_de_upleveltime75;pcm_fftMag_spectralEntropy_sma_de_upleveltime90;pcm_fftMag_spectralEntropy_sma_de_risetime;pcm_fftMag_spectralEntropy_sma_de_leftctime;pcm_fftMag_spectralEntropy_sma_de_lpgain;pcm_fftMag_spectralEntropy_sma_de_lpc0;pcm_fftMag_spectralEntropy_sma_de_lpc1;pcm_fftMag_spectralEntropy_sma_de_lpc2;pcm_fftMag_spectralEntropy_sma_de_lpc3;pcm_fftMag_spectralEntropy_sma_de_lpc4;pcm_fftMag_spectralVariance_sma_de_range;pcm_fftMag_spectralVariance_sma_de_maxPos;pcm_fftMag_spectralVariance_sma_de_minPos;pcm_fftMag_spectralVariance_sma_de_quartile1;pcm_fftMag_spectralVariance_sma_de_quartile2;pcm_fftMag_spectralVariance_sma_de_quartile3;pcm_fftMag_spectralVariance_sma_de_iqr1-2;pcm_fftMag_spectralVariance_sma_de_iqr2-3;pcm_fftMag_spectralVariance_sma_de_iqr1-3;pcm_fftMag_spectralVariance_sma_de_percentile1.0;pcm_fftMag_spectralVariance_sma_de_percentile99.0;pcm_fftMag_spectralVariance_sma_de_pctlrange0-1;pcm_fftMag_spectralVariance_sma_de_stddev;pcm_fftMag_spectralVariance_sma_de_skewness;pcm_fftMag_spectralVariance_sma_de_kurtosis;pcm_fftMag_spectralVariance_sma_de_meanSegLen;pcm_fftMag_spectralVariance_sma_de_maxSegLen;pcm_fftMag_spectralVariance_sma_de_minSegLen;pcm_fftMag_spectralVariance_sma_de_segLenStddev;pcm_fftMag_spectralVariance_sma_de_upleveltime25;pcm_fftMag_spectralVariance_sma_de_upleveltime50;pcm_fftMag_spectralVariance_sma_de_upleveltime75;pcm_fftMag_spectralVariance_sma_de_upleveltime90;pcm_fftMag_spectralVariance_sma_de_risetime;pcm_fftMag_spectralVariance_sma_de_leftctime;pcm_fftMag_spectralVariance_sma_de_lpgain;pcm_fftMag_spectralVariance_sma_de_lpc0;pcm_fftMag_spectralVariance_sma_de_lpc1;pcm_fftMag_spectralVariance_sma_de_lpc2;pcm_fftMag_spectralVariance_sma_de_lpc3;pcm_fftMag_spectralVariance_sma_de_lpc4;pcm_fftMag_spectralSkewness_sma_de_range;pcm_fftMag_spectralSkewness_sma_de_maxPos;pcm_fftMag_spectralSkewness_sma_de_minPos;pcm_fftMag_spectralSkewness_sma_de_quartile1;pcm_fftMag_spectralSkewness_sma_de_quartile2;pcm_fftMag_spectralSkewness_sma_de_quartile3;pcm_fftMag_spectralSkewness_sma_de_iqr1-2;pcm_fftMag_spectralSkewness_sma_de_iqr2-3;pcm_fftMag_spectralSkewness_sma_de_iqr1-3;pcm_fftMag_spectralSkewness_sma_de_percentile1.0;pcm_fftMag_spectralSkewness_sma_de_percentile99.0;pcm_fftMag_spectralSkewness_sma_de_pctlrange0-1;pcm_fftMag_spectralSkewness_sma_de_stddev;pcm_fftMag_spectralSkewness_sma_de_skewness;pcm_fftMag_spectralSkewness_sma_de_kurtosis;pcm_fftMag_spectralSkewness_sma_de_meanSegLen;pcm_fftMag_spectralSkewness_sma_de_maxSegLen;pcm_fftMag_spectralSkewness_sma_de_minSegLen;pcm_fftMag_spectralSkewness_sma_de_segLenStddev;pcm_fftMag_spectralSkewness_sma_de_upleveltime25;pcm_fftMag_spectralSkewness_sma_de_upleveltime50;pcm_fftMag_spectralSkewness_sma_de_upleveltime75;pcm_fftMag_spectralSkewness_sma_de_upleveltime90;pcm_fftMag_spectralSkewness_sma_de_risetime;pcm_fftMag_spectralSkewness_sma_de_leftctime;pcm_fftMag_spectralSkewness_sma_de_lpgain;pcm_fftMag_spectralSkewness_sma_de_lpc0;pcm_fftMag_spectralSkewness_sma_de_lpc1;pcm_fftMag_spectralSkewness_sma_de_lpc2;pcm_fftMag_spectralSkewness_sma_de_lpc3;pcm_fftMag_spectralSkewness_sma_de_lpc4;pcm_fftMag_spectralKurtosis_sma_de_range;pcm_fftMag_spectralKurtosis_sma_de_maxPos;pcm_fftMag_spectralKurtosis_sma_de_minPos;pcm_fftMag_spectralKurtosis_sma_de_quartile1;pcm_fftMag_spectralKurtosis_sma_de_quartile2;pcm_fftMag_spectralKurtosis_sma_de_quartile3;pcm_fftMag_spectralKurtosis_sma_de_iqr1-2;pcm_fftMag_spectralKurtosis_sma_de_iqr2-3;pcm_fftMag_spectralKurtosis_sma_de_iqr1-3;pcm_fftMag_spectralKurtosis_sma_de_percentile1.0;pcm_fftMag_spectralKurtosis_sma_de_percentile99.0;pcm_fftMag_spectralKurtosis_sma_de_pctlrange0-1;pcm_fftMag_spectralKurtosis_sma_de_stddev;pcm_fftMag_spectralKurtosis_sma_de_skewness;pcm_fftMag_spectralKurtosis_sma_de_kurtosis;pcm_fftMag_spectralKurtosis_sma_de_meanSegLen;pcm_fftMag_spectralKurtosis_sma_de_maxSegLen;pcm_fftMag_spectralKurtosis_sma_de_minSegLen;pcm_fftMag_spectralKurtosis_sma_de_segLenStddev;pcm_fftMag_spectralKurtosis_sma_de_upleveltime25;pcm_fftMag_spectralKurtosis_sma_de_upleveltime50;pcm_fftMag_spectralKurtosis_sma_de_upleveltime75;pcm_fftMag_spectralKurtosis_sma_de_upleveltime90;pcm_fftMag_spectralKurtosis_sma_de_risetime;pcm_fftMag_spectralKurtosis_sma_de_leftctime;pcm_fftMag_spectralKurtosis_sma_de_lpgain;pcm_fftMag_spectralKurtosis_sma_de_lpc0;pcm_fftMag_spectralKurtosis_sma_de_lpc1;pcm_fftMag_spectralKurtosis_sma_de_lpc2;pcm_fftMag_spectralKurtosis_sma_de_lpc3;pcm_fftMag_spectralKurtosis_sma_de_lpc4;pcm_fftMag_spectralSlope_sma_de_range;pcm_fftMag_spectralSlope_sma_de_maxPos;pcm_fftMag_spectralSlope_sma_de_minPos;pcm_fftMag_spectralSlope_sma_de_quartile1;pcm_fftMag_spectralSlope_sma_de_quartile2;pcm_fftMag_spectralSlope_sma_de_quartile3;pcm_fftMag_spectralSlope_sma_de_iqr1-2;pcm_fftMag_spectralSlope_sma_de_iqr2-3;pcm_fftMag_spectralSlope_sma_de_iqr1-3;pcm_fftMag_spectralSlope_sma_de_percentile1.0;pcm_fftMag_spectralSlope_sma_de_percentile99.0;pcm_fftMag_spectralSlope_sma_de_pctlrange0-1;pcm_fftMag_spectralSlope_sma_de_stddev;pcm_fftMag_spectralSlope_sma_de_skewness;pcm_fftMag_spectralSlope_sma_de_kurtosis;pcm_fftMag_spectralSlope_sma_de_meanSegLen;pcm_fftMag_spectralSlope_sma_de_maxSegLen;pcm_fftMag_spectralSlope_sma_de_minSegLen;pcm_fftMag_spectralSlope_sma_de_segLenStddev;pcm_fftMag_spectralSlope_sma_de_upleveltime25;pcm_fftMag_spectralSlope_sma_de_upleveltime50;pcm_fftMag_spectralSlope_sma_de_upleveltime75;pcm_fftMag_spectralSlope_sma_de_upleveltime90;pcm_fftMag_spectralSlope_sma_de_risetime;pcm_fftMag_spectralSlope_sma_de_leftctime;pcm_fftMag_spectralSlope_sma_de_lpgain;pcm_fftMag_spectralSlope_sma_de_lpc0;pcm_fftMag_spectralSlope_sma_de_lpc1;pcm_fftMag_spectralSlope_sma_de_lpc2;pcm_fftMag_spectralSlope_sma_de_lpc3;pcm_fftMag_spectralSlope_sma_de_lpc4;pcm_fftMag_psySharpness_sma_de_range;pcm_fftMag_psySharpness_sma_de_maxPos;pcm_fftMag_psySharpness_sma_de_minPos;pcm_fftMag_psySharpness_sma_de_quartile1;pcm_fftMag_psySharpness_sma_de_quartile2;pcm_fftMag_psySharpness_sma_de_quartile3;pcm_fftMag_psySharpness_sma_de_iqr1-2;pcm_fftMag_psySharpness_sma_de_iqr2-3;pcm_fftMag_psySharpness_sma_de_iqr1-3;pcm_fftMag_psySharpness_sma_de_percentile1.0;pcm_fftMag_psySharpness_sma_de_percentile99.0;pcm_fftMag_psySharpness_sma_de_pctlrange0-1;pcm_fftMag_psySharpness_sma_de_stddev;pcm_fftMag_psySharpness_sma_de_skewness;pcm_fftMag_psySharpness_sma_de_kurtosis;pcm_fftMag_psySharpness_sma_de_meanSegLen;pcm_fftMag_psySharpness_sma_de_maxSegLen;pcm_fftMag_psySharpness_sma_de_minSegLen;pcm_fftMag_psySharpness_sma_de_segLenStddev;pcm_fftMag_psySharpness_sma_de_upleveltime25;pcm_fftMag_psySharpness_sma_de_upleveltime50;pcm_fftMag_psySharpness_sma_de_upleveltime75;pcm_fftMag_psySharpness_sma_de_upleveltime90;pcm_fftMag_psySharpness_sma_de_risetime;pcm_fftMag_psySharpness_sma_de_leftctime;pcm_fftMag_psySharpness_sma_de_lpgain;pcm_fftMag_psySharpness_sma_de_lpc0;pcm_fftMag_psySharpness_sma_de_lpc1;pcm_fftMag_psySharpness_sma_de_lpc2;pcm_fftMag_psySharpness_sma_de_lpc3;pcm_fftMag_psySharpness_sma_de_lpc4;pcm_fftMag_spectralHarmonicity_sma_de_range;pcm_fftMag_spectralHarmonicity_sma_de_maxPos;pcm_fftMag_spectralHarmonicity_sma_de_minPos;pcm_fftMag_spectralHarmonicity_sma_de_quartile1;pcm_fftMag_spectralHarmonicity_sma_de_quartile2;pcm_fftMag_spectralHarmonicity_sma_de_quartile3;pcm_fftMag_spectralHarmonicity_sma_de_iqr1-2;pcm_fftMag_spectralHarmonicity_sma_de_iqr2-3;pcm_fftMag_spectralHarmonicity_sma_de_iqr1-3;pcm_fftMag_spectralHarmonicity_sma_de_percentile1.0;pcm_fftMag_spectralHarmonicity_sma_de_percentile99.0;pcm_fftMag_spectralHarmonicity_sma_de_pctlrange0-1;pcm_fftMag_spectralHarmonicity_sma_de_stddev;pcm_fftMag_spectralHarmonicity_sma_de_skewness;pcm_fftMag_spectralHarmonicity_sma_de_kurtosis;pcm_fftMag_spectralHarmonicity_sma_de_meanSegLen;pcm_fftMag_spectralHarmonicity_sma_de_maxSegLen;pcm_fftMag_spectralHarmonicity_sma_de_minSegLen;pcm_fftMag_spectralHarmonicity_sma_de_segLenStddev;pcm_fftMag_spectralHarmonicity_sma_de_upleveltime25;pcm_fftMag_spectralHarmonicity_sma_de_upleveltime50;pcm_fftMag_spectralHarmonicity_sma_de_upleveltime75;pcm_fftMag_spectralHarmonicity_sma_de_upleveltime90;pcm_fftMag_spectralHarmonicity_sma_de_risetime;pcm_fftMag_spectralHarmonicity_sma_de_leftctime;pcm_fftMag_spectralHarmonicity_sma_de_lpgain;pcm_fftMag_spectralHarmonicity_sma_de_lpc0;pcm_fftMag_spectralHarmonicity_sma_de_lpc1;pcm_fftMag_spectralHarmonicity_sma_de_lpc2;pcm_fftMag_spectralHarmonicity_sma_de_lpc3;pcm_fftMag_spectralHarmonicity_sma_de_lpc4;mfcc_sma_de[1]_range;mfcc_sma_de[1]_maxPos;mfcc_sma_de[1]_minPos;mfcc_sma_de[1]_quartile1;mfcc_sma_de[1]_quartile2;mfcc_sma_de[1]_quartile3;mfcc_sma_de[1]_iqr1-2;mfcc_sma_de[1]_iqr2-3;mfcc_sma_de[1]_iqr1-3;mfcc_sma_de[1]_percentile1.0;mfcc_sma_de[1]_percentile99.0;mfcc_sma_de[1]_pctlrange0-1;mfcc_sma_de[1]_stddev;mfcc_sma_de[1]_skewness;mfcc_sma_de[1]_kurtosis;mfcc_sma_de[1]_meanSegLen;mfcc_sma_de[1]_maxSegLen;mfcc_sma_de[1]_minSegLen;mfcc_sma_de[1]_segLenStddev;mfcc_sma_de[1]_upleveltime25;mfcc_sma_de[1]_upleveltime50;mfcc_sma_de[1]_upleveltime75;mfcc_sma_de[1]_upleveltime90;mfcc_sma_de[1]_risetime;mfcc_sma_de[1]_leftctime;mfcc_sma_de[1]_lpgain;mfcc_sma_de[1]_lpc0;mfcc_sma_de[1]_lpc1;mfcc_sma_de[1]_lpc2;mfcc_sma_de[1]_lpc3;mfcc_sma_de[1]_lpc4;mfcc_sma_de[2]_range;mfcc_sma_de[2]_maxPos;mfcc_sma_de[2]_minPos;mfcc_sma_de[2]_quartile1;mfcc_sma_de[2]_quartile2;mfcc_sma_de[2]_quartile3;mfcc_sma_de[2]_iqr1-2;mfcc_sma_de[2]_iqr2-3;mfcc_sma_de[2]_iqr1-3;mfcc_sma_de[2]_percentile1.0;mfcc_sma_de[2]_percentile99.0;mfcc_sma_de[2]_pctlrange0-1;mfcc_sma_de[2]_stddev;mfcc_sma_de[2]_skewness;mfcc_sma_de[2]_kurtosis;mfcc_sma_de[2]_meanSegLen;mfcc_sma_de[2]_maxSegLen;mfcc_sma_de[2]_minSegLen;mfcc_sma_de[2]_segLenStddev;mfcc_sma_de[2]_upleveltime25;mfcc_sma_de[2]_upleveltime50;mfcc_sma_de[2]_upleveltime75;mfcc_sma_de[2]_upleveltime90;mfcc_sma_de[2]_risetime;mfcc_sma_de[2]_leftctime;mfcc_sma_de[2]_lpgain;mfcc_sma_de[2]_lpc0;mfcc_sma_de[2]_lpc1;mfcc_sma_de[2]_lpc2;mfcc_sma_de[2]_lpc3;mfcc_sma_de[2]_lpc4;mfcc_sma_de[3]_range;mfcc_sma_de[3]_maxPos;mfcc_sma_de[3]_minPos;mfcc_sma_de[3]_quartile1;mfcc_sma_de[3]_quartile2;mfcc_sma_de[3]_quartile3;mfcc_sma_de[3]_iqr1-2;mfcc_sma_de[3]_iqr2-3;mfcc_sma_de[3]_iqr1-3;mfcc_sma_de[3]_percentile1.0;mfcc_sma_de[3]_percentile99.0;mfcc_sma_de[3]_pctlrange0-1;mfcc_sma_de[3]_stddev;mfcc_sma_de[3]_skewness;mfcc_sma_de[3]_kurtosis;mfcc_sma_de[3]_meanSegLen;mfcc_sma_de[3]_maxSegLen;mfcc_sma_de[3]_minSegLen;mfcc_sma_de[3]_segLenStddev;mfcc_sma_de[3]_upleveltime25;mfcc_sma_de[3]_upleveltime50;mfcc_sma_de[3]_upleveltime75;mfcc_sma_de[3]_upleveltime90;mfcc_sma_de[3]_risetime;mfcc_sma_de[3]_leftctime;mfcc_sma_de[3]_lpgain;mfcc_sma_de[3]_lpc0;mfcc_sma_de[3]_lpc1;mfcc_sma_de[3]_lpc2;mfcc_sma_de[3]_lpc3;mfcc_sma_de[3]_lpc4;mfcc_sma_de[4]_range;mfcc_sma_de[4]_maxPos;mfcc_sma_de[4]_minPos;mfcc_sma_de[4]_quartile1;mfcc_sma_de[4]_quartile2;mfcc_sma_de[4]_quartile3;mfcc_sma_de[4]_iqr1-2;mfcc_sma_de[4]_iqr2-3;mfcc_sma_de[4]_iqr1-3;mfcc_sma_de[4]_percentile1.0;mfcc_sma_de[4]_percentile99.0;mfcc_sma_de[4]_pctlrange0-1;mfcc_sma_de[4]_stddev;mfcc_sma_de[4]_skewness;mfcc_sma_de[4]_kurtosis;mfcc_sma_de[4]_meanSegLen;mfcc_sma_de[4]_maxSegLen;mfcc_sma_de[4]_minSegLen;mfcc_sma_de[4]_segLenStddev;mfcc_sma_de[4]_upleveltime25;mfcc_sma_de[4]_upleveltime50;mfcc_sma_de[4]_upleveltime75;mfcc_sma_de[4]_upleveltime90;mfcc_sma_de[4]_risetime;mfcc_sma_de[4]_leftctime;mfcc_sma_de[4]_lpgain;mfcc_sma_de[4]_lpc0;mfcc_sma_de[4]_lpc1;mfcc_sma_de[4]_lpc2;mfcc_sma_de[4]_lpc3;mfcc_sma_de[4]_lpc4;mfcc_sma_de[5]_range;mfcc_sma_de[5]_maxPos;mfcc_sma_de[5]_minPos;mfcc_sma_de[5]_quartile1;mfcc_sma_de[5]_quartile2;mfcc_sma_de[5]_quartile3;mfcc_sma_de[5]_iqr1-2;mfcc_sma_de[5]_iqr2-3;mfcc_sma_de[5]_iqr1-3;mfcc_sma_de[5]_percentile1.0;mfcc_sma_de[5]_percentile99.0;mfcc_sma_de[5]_pctlrange0-1;mfcc_sma_de[5]_stddev;mfcc_sma_de[5]_skewness;mfcc_sma_de[5]_kurtosis;mfcc_sma_de[5]_meanSegLen;mfcc_sma_de[5]_maxSegLen;mfcc_sma_de[5]_minSegLen;mfcc_sma_de[5]_segLenStddev;mfcc_sma_de[5]_upleveltime25;mfcc_sma_de[5]_upleveltime50;mfcc_sma_de[5]_upleveltime75;mfcc_sma_de[5]_upleveltime90;mfcc_sma_de[5]_risetime;mfcc_sma_de[5]_leftctime;mfcc_sma_de[5]_lpgain;mfcc_sma_de[5]_lpc0;mfcc_sma_de[5]_lpc1;mfcc_sma_de[5]_lpc2;mfcc_sma_de[5]_lpc3;mfcc_sma_de[5]_lpc4;mfcc_sma_de[6]_range;mfcc_sma_de[6]_maxPos;mfcc_sma_de[6]_minPos;mfcc_sma_de[6]_quartile1;mfcc_sma_de[6]_quartile2;mfcc_sma_de[6]_quartile3;mfcc_sma_de[6]_iqr1-2;mfcc_sma_de[6]_iqr2-3;mfcc_sma_de[6]_iqr1-3;mfcc_sma_de[6]_percentile1.0;mfcc_sma_de[6]_percentile99.0;mfcc_sma_de[6]_pctlrange0-1;mfcc_sma_de[6]_stddev;mfcc_sma_de[6]_skewness;mfcc_sma_de[6]_kurtosis;mfcc_sma_de[6]_meanSegLen;mfcc_sma_de[6]_maxSegLen;mfcc_sma_de[6]_minSegLen;mfcc_sma_de[6]_segLenStddev;mfcc_sma_de[6]_upleveltime25;mfcc_sma_de[6]_upleveltime50;mfcc_sma_de[6]_upleveltime75;mfcc_sma_de[6]_upleveltime90;mfcc_sma_de[6]_risetime;mfcc_sma_de[6]_leftctime;mfcc_sma_de[6]_lpgain;mfcc_sma_de[6]_lpc0;mfcc_sma_de[6]_lpc1;mfcc_sma_de[6]_lpc2;mfcc_sma_de[6]_lpc3;mfcc_sma_de[6]_lpc4;mfcc_sma_de[7]_range;mfcc_sma_de[7]_maxPos;mfcc_sma_de[7]_minPos;mfcc_sma_de[7]_quartile1;mfcc_sma_de[7]_quartile2;mfcc_sma_de[7]_quartile3;mfcc_sma_de[7]_iqr1-2;mfcc_sma_de[7]_iqr2-3;mfcc_sma_de[7]_iqr1-3;mfcc_sma_de[7]_percentile1.0;mfcc_sma_de[7]_percentile99.0;mfcc_sma_de[7]_pctlrange0-1;mfcc_sma_de[7]_stddev;mfcc_sma_de[7]_skewness;mfcc_sma_de[7]_kurtosis;mfcc_sma_de[7]_meanSegLen;mfcc_sma_de[7]_maxSegLen;mfcc_sma_de[7]_minSegLen;mfcc_sma_de[7]_segLenStddev;mfcc_sma_de[7]_upleveltime25;mfcc_sma_de[7]_upleveltime50;mfcc_sma_de[7]_upleveltime75;mfcc_sma_de[7]_upleveltime90;mfcc_sma_de[7]_risetime;mfcc_sma_de[7]_leftctime;mfcc_sma_de[7]_lpgain;mfcc_sma_de[7]_lpc0;mfcc_sma_de[7]_lpc1;mfcc_sma_de[7]_lpc2;mfcc_sma_de[7]_lpc3;mfcc_sma_de[7]_lpc4;mfcc_sma_de[8]_range;mfcc_sma_de[8]_maxPos;mfcc_sma_de[8]_minPos;mfcc_sma_de[8]_quartile1;mfcc_sma_de[8]_quartile2;mfcc_sma_de[8]_quartile3;mfcc_sma_de[8]_iqr1-2;mfcc_sma_de[8]_iqr2-3;mfcc_sma_de[8]_iqr1-3;mfcc_sma_de[8]_percentile1.0;mfcc_sma_de[8]_percentile99.0;mfcc_sma_de[8]_pctlrange0-1;mfcc_sma_de[8]_stddev;mfcc_sma_de[8]_skewness;mfcc_sma_de[8]_kurtosis;mfcc_sma_de[8]_meanSegLen;mfcc_sma_de[8]_maxSegLen;mfcc_sma_de[8]_minSegLen;mfcc_sma_de[8]_segLenStddev;mfcc_sma_de[8]_upleveltime25;mfcc_sma_de[8]_upleveltime50;mfcc_sma_de[8]_upleveltime75;mfcc_sma_de[8]_upleveltime90;mfcc_sma_de[8]_risetime;mfcc_sma_de[8]_leftctime;mfcc_sma_de[8]_lpgain;mfcc_sma_de[8]_lpc0;mfcc_sma_de[8]_lpc1;mfcc_sma_de[8]_lpc2;mfcc_sma_de[8]_lpc3;mfcc_sma_de[8]_lpc4;mfcc_sma_de[9]_range;mfcc_sma_de[9]_maxPos;mfcc_sma_de[9]_minPos;mfcc_sma_de[9]_quartile1;mfcc_sma_de[9]_quartile2;mfcc_sma_de[9]_quartile3;mfcc_sma_de[9]_iqr1-2;mfcc_sma_de[9]_iqr2-3;mfcc_sma_de[9]_iqr1-3;mfcc_sma_de[9]_percentile1.0;mfcc_sma_de[9]_percentile99.0;mfcc_sma_de[9]_pctlrange0-1;mfcc_sma_de[9]_stddev;mfcc_sma_de[9]_skewness;mfcc_sma_de[9]_kurtosis;mfcc_sma_de[9]_meanSegLen;mfcc_sma_de[9]_maxSegLen;mfcc_sma_de[9]_minSegLen;mfcc_sma_de[9]_segLenStddev;mfcc_sma_de[9]_upleveltime25;mfcc_sma_de[9]_upleveltime50;mfcc_sma_de[9]_upleveltime75;mfcc_sma_de[9]_upleveltime90;mfcc_sma_de[9]_risetime;mfcc_sma_de[9]_leftctime;mfcc_sma_de[9]_lpgain;mfcc_sma_de[9]_lpc0;mfcc_sma_de[9]_lpc1;mfcc_sma_de[9]_lpc2;mfcc_sma_de[9]_lpc3;mfcc_sma_de[9]_lpc4;mfcc_sma_de[10]_range;mfcc_sma_de[10]_maxPos;mfcc_sma_de[10]_minPos;mfcc_sma_de[10]_quartile1;mfcc_sma_de[10]_quartile2;mfcc_sma_de[10]_quartile3;mfcc_sma_de[10]_iqr1-2;mfcc_sma_de[10]_iqr2-3;mfcc_sma_de[10]_iqr1-3;mfcc_sma_de[10]_percentile1.0;mfcc_sma_de[10]_percentile99.0;mfcc_sma_de[10]_pctlrange0-1;mfcc_sma_de[10]_stddev;mfcc_sma_de[10]_skewness;mfcc_sma_de[10]_kurtosis;mfcc_sma_de[10]_meanSegLen;mfcc_sma_de[10]_maxSegLen;mfcc_sma_de[10]_minSegLen;mfcc_sma_de[10]_segLenStddev;mfcc_sma_de[10]_upleveltime25;mfcc_sma_de[10]_upleveltime50;mfcc_sma_de[10]_upleveltime75;mfcc_sma_de[10]_upleveltime90;mfcc_sma_de[10]_risetime;mfcc_sma_de[10]_leftctime;mfcc_sma_de[10]_lpgain;mfcc_sma_de[10]_lpc0;mfcc_sma_de[10]_lpc1;mfcc_sma_de[10]_lpc2;mfcc_sma_de[10]_lpc3;mfcc_sma_de[10]_lpc4;mfcc_sma_de[11]_range;mfcc_sma_de[11]_maxPos;mfcc_sma_de[11]_minPos;mfcc_sma_de[11]_quartile1;mfcc_sma_de[11]_quartile2;mfcc_sma_de[11]_quartile3;mfcc_sma_de[11]_iqr1-2;mfcc_sma_de[11]_iqr2-3;mfcc_sma_de[11]_iqr1-3;mfcc_sma_de[11]_percentile1.0;mfcc_sma_de[11]_percentile99.0;mfcc_sma_de[11]_pctlrange0-1;mfcc_sma_de[11]_stddev;mfcc_sma_de[11]_skewness;mfcc_sma_de[11]_kurtosis;mfcc_sma_de[11]_meanSegLen;mfcc_sma_de[11]_maxSegLen;mfcc_sma_de[11]_minSegLen;mfcc_sma_de[11]_segLenStddev;mfcc_sma_de[11]_upleveltime25;mfcc_sma_de[11]_upleveltime50;mfcc_sma_de[11]_upleveltime75;mfcc_sma_de[11]_upleveltime90;mfcc_sma_de[11]_risetime;mfcc_sma_de[11]_leftctime;mfcc_sma_de[11]_lpgain;mfcc_sma_de[11]_lpc0;mfcc_sma_de[11]_lpc1;mfcc_sma_de[11]_lpc2;mfcc_sma_de[11]_lpc3;mfcc_sma_de[11]_lpc4;mfcc_sma_de[12]_range;mfcc_sma_de[12]_maxPos;mfcc_sma_de[12]_minPos;mfcc_sma_de[12]_quartile1;mfcc_sma_de[12]_quartile2;mfcc_sma_de[12]_quartile3;mfcc_sma_de[12]_iqr1-2;mfcc_sma_de[12]_iqr2-3;mfcc_sma_de[12]_iqr1-3;mfcc_sma_de[12]_percentile1.0;mfcc_sma_de[12]_percentile99.0;mfcc_sma_de[12]_pctlrange0-1;mfcc_sma_de[12]_stddev;mfcc_sma_de[12]_skewness;mfcc_sma_de[12]_kurtosis;mfcc_sma_de[12]_meanSegLen;mfcc_sma_de[12]_maxSegLen;mfcc_sma_de[12]_minSegLen;mfcc_sma_de[12]_segLenStddev;mfcc_sma_de[12]_upleveltime25;mfcc_sma_de[12]_upleveltime50;mfcc_sma_de[12]_upleveltime75;mfcc_sma_de[12]_upleveltime90;mfcc_sma_de[12]_risetime;mfcc_sma_de[12]_leftctime;mfcc_sma_de[12]_lpgain;mfcc_sma_de[12]_lpc0;mfcc_sma_de[12]_lpc1;mfcc_sma_de[12]_lpc2;mfcc_sma_de[12]_lpc3;mfcc_sma_de[12]_lpc4;mfcc_sma_de[13]_range;mfcc_sma_de[13]_maxPos;mfcc_sma_de[13]_minPos;mfcc_sma_de[13]_quartile1;mfcc_sma_de[13]_quartile2;mfcc_sma_de[13]_quartile3;mfcc_sma_de[13]_iqr1-2;mfcc_sma_de[13]_iqr2-3;mfcc_sma_de[13]_iqr1-3;mfcc_sma_de[13]_percentile1.0;mfcc_sma_de[13]_percentile99.0;mfcc_sma_de[13]_pctlrange0-1;mfcc_sma_de[13]_stddev;mfcc_sma_de[13]_skewness;mfcc_sma_de[13]_kurtosis;mfcc_sma_de[13]_meanSegLen;mfcc_sma_de[13]_maxSegLen;mfcc_sma_de[13]_minSegLen;mfcc_sma_de[13]_segLenStddev;mfcc_sma_de[13]_upleveltime25;mfcc_sma_de[13]_upleveltime50;mfcc_sma_de[13]_upleveltime75;mfcc_sma_de[13]_upleveltime90;mfcc_sma_de[13]_risetime;mfcc_sma_de[13]_leftctime;mfcc_sma_de[13]_lpgain;mfcc_sma_de[13]_lpc0;mfcc_sma_de[13]_lpc1;mfcc_sma_de[13]_lpc2;mfcc_sma_de[13]_lpc3;mfcc_sma_de[13]_lpc4;mfcc_sma_de[14]_range;mfcc_sma_de[14]_maxPos;mfcc_sma_de[14]_minPos;mfcc_sma_de[14]_quartile1;mfcc_sma_de[14]_quartile2;mfcc_sma_de[14]_quartile3;mfcc_sma_de[14]_iqr1-2;mfcc_sma_de[14]_iqr2-3;mfcc_sma_de[14]_iqr1-3;mfcc_sma_de[14]_percentile1.0;mfcc_sma_de[14]_percentile99.0;mfcc_sma_de[14]_pctlrange0-1;mfcc_sma_de[14]_stddev;mfcc_sma_de[14]_skewness;mfcc_sma_de[14]_kurtosis;mfcc_sma_de[14]_meanSegLen;mfcc_sma_de[14]_maxSegLen;mfcc_sma_de[14]_minSegLen;mfcc_sma_de[14]_segLenStddev;mfcc_sma_de[14]_upleveltime25;mfcc_sma_de[14]_upleveltime50;mfcc_sma_de[14]_upleveltime75;mfcc_sma_de[14]_upleveltime90;mfcc_sma_de[14]_risetime;mfcc_sma_de[14]_leftctime;mfcc_sma_de[14]_lpgain;mfcc_sma_de[14]_lpc0;mfcc_sma_de[14]_lpc1;mfcc_sma_de[14]_lpc2;mfcc_sma_de[14]_lpc3;mfcc_sma_de[14]_lpc4;F0final_sma_amean;F0final_sma_flatness;F0final_sma_posamean;F0final_sma_rqmean;F0final_sma_range;F0final_sma_maxPos;F0final_sma_minPos;F0final_sma_linregc1;F0final_sma_linregc2;F0final_sma_linregerrQ;F0final_sma_qregc1;F0final_sma_qregc2;F0final_sma_qregc3;F0final_sma_qregerrQ;F0final_sma_centroid;F0final_sma_quartile1;F0final_sma_quartile2;F0final_sma_quartile3;F0final_sma_iqr1-2;F0final_sma_iqr2-3;F0final_sma_iqr1-3;F0final_sma_percentile1.0;F0final_sma_percentile99.0;F0final_sma_pctlrange0-1;F0final_sma_stddev;F0final_sma_skewness;F0final_sma_kurtosis;F0final_sma_upleveltime25;F0final_sma_upleveltime50;F0final_sma_upleveltime75;F0final_sma_upleveltime90;F0final_sma_risetime;F0final_sma_leftctime;F0final_sma_lpgain;F0final_sma_lpc0;F0final_sma_lpc1;F0final_sma_lpc2;F0final_sma_lpc3;F0final_sma_lpc4;voicingFinalUnclipped_sma_amean;voicingFinalUnclipped_sma_flatness;voicingFinalUnclipped_sma_posamean;voicingFinalUnclipped_sma_rqmean;voicingFinalUnclipped_sma_range;voicingFinalUnclipped_sma_maxPos;voicingFinalUnclipped_sma_minPos;voicingFinalUnclipped_sma_linregc1;voicingFinalUnclipped_sma_linregc2;voicingFinalUnclipped_sma_linregerrQ;voicingFinalUnclipped_sma_qregc1;voicingFinalUnclipped_sma_qregc2;voicingFinalUnclipped_sma_qregc3;voicingFinalUnclipped_sma_qregerrQ;voicingFinalUnclipped_sma_centroid;voicingFinalUnclipped_sma_quartile1;voicingFinalUnclipped_sma_quartile2;voicingFinalUnclipped_sma_quartile3;voicingFinalUnclipped_sma_iqr1-2;voicingFinalUnclipped_sma_iqr2-3;voicingFinalUnclipped_sma_iqr1-3;voicingFinalUnclipped_sma_percentile1.0;voicingFinalUnclipped_sma_percentile99.0;voicingFinalUnclipped_sma_pctlrange0-1;voicingFinalUnclipped_sma_stddev;voicingFinalUnclipped_sma_skewness;voicingFinalUnclipped_sma_kurtosis;voicingFinalUnclipped_sma_upleveltime25;voicingFinalUnclipped_sma_upleveltime50;voicingFinalUnclipped_sma_upleveltime75;voicingFinalUnclipped_sma_upleveltime90;voicingFinalUnclipped_sma_risetime;voicingFinalUnclipped_sma_leftctime;voicingFinalUnclipped_sma_lpgain;voicingFinalUnclipped_sma_lpc0;voicingFinalUnclipped_sma_lpc1;voicingFinalUnclipped_sma_lpc2;voicingFinalUnclipped_sma_lpc3;voicingFinalUnclipped_sma_lpc4;jitterLocal_sma_amean;jitterLocal_sma_flatness;jitterLocal_sma_posamean;jitterLocal_sma_rqmean;jitterLocal_sma_range;jitterLocal_sma_maxPos;jitterLocal_sma_minPos;jitterLocal_sma_linregc1;jitterLocal_sma_linregc2;jitterLocal_sma_linregerrQ;jitterLocal_sma_qregc1;jitterLocal_sma_qregc2;jitterLocal_sma_qregc3;jitterLocal_sma_qregerrQ;jitterLocal_sma_centroid;jitterLocal_sma_quartile1;jitterLocal_sma_quartile2;jitterLocal_sma_quartile3;jitterLocal_sma_iqr1-2;jitterLocal_sma_iqr2-3;jitterLocal_sma_iqr1-3;jitterLocal_sma_percentile1.0;jitterLocal_sma_percentile99.0;jitterLocal_sma_pctlrange0-1;jitterLocal_sma_stddev;jitterLocal_sma_skewness;jitterLocal_sma_kurtosis;jitterLocal_sma_upleveltime25;jitterLocal_sma_upleveltime50;jitterLocal_sma_upleveltime75;jitterLocal_sma_upleveltime90;jitterLocal_sma_risetime;jitterLocal_sma_leftctime;jitterLocal_sma_lpgain;jitterLocal_sma_lpc0;jitterLocal_sma_lpc1;jitterLocal_sma_lpc2;jitterLocal_sma_lpc3;jitterLocal_sma_lpc4;jitterDDP_sma_amean;jitterDDP_sma_flatness;jitterDDP_sma_posamean;jitterDDP_sma_rqmean;jitterDDP_sma_range;jitterDDP_sma_maxPos;jitterDDP_sma_minPos;jitterDDP_sma_linregc1;jitterDDP_sma_linregc2;jitterDDP_sma_linregerrQ;jitterDDP_sma_qregc1;jitterDDP_sma_qregc2;jitterDDP_sma_qregc3;jitterDDP_sma_qregerrQ;jitterDDP_sma_centroid;jitterDDP_sma_quartile1;jitterDDP_sma_quartile2;jitterDDP_sma_quartile3;jitterDDP_sma_iqr1-2;jitterDDP_sma_iqr2-3;jitterDDP_sma_iqr1-3;jitterDDP_sma_percentile1.0;jitterDDP_sma_percentile99.0;jitterDDP_sma_pctlrange0-1;jitterDDP_sma_stddev;jitterDDP_sma_skewness;jitterDDP_sma_kurtosis;jitterDDP_sma_upleveltime25;jitterDDP_sma_upleveltime50;jitterDDP_sma_upleveltime75;jitterDDP_sma_upleveltime90;jitterDDP_sma_risetime;jitterDDP_sma_leftctime;jitterDDP_sma_lpgain;jitterDDP_sma_lpc0;jitterDDP_sma_lpc1;jitterDDP_sma_lpc2;jitterDDP_sma_lpc3;jitterDDP_sma_lpc4;shimmerLocal_sma_amean;shimmerLocal_sma_flatness;shimmerLocal_sma_posamean;shimmerLocal_sma_rqmean;shimmerLocal_sma_range;shimmerLocal_sma_maxPos;shimmerLocal_sma_minPos;shimmerLocal_sma_linregc1;shimmerLocal_sma_linregc2;shimmerLocal_sma_linregerrQ;shimmerLocal_sma_qregc1;shimmerLocal_sma_qregc2;shimmerLocal_sma_qregc3;shimmerLocal_sma_qregerrQ;shimmerLocal_sma_centroid;shimmerLocal_sma_quartile1;shimmerLocal_sma_quartile2;shimmerLocal_sma_quartile3;shimmerLocal_sma_iqr1-2;shimmerLocal_sma_iqr2-3;shimmerLocal_sma_iqr1-3;shimmerLocal_sma_percentile1.0;shimmerLocal_sma_percentile99.0;shimmerLocal_sma_pctlrange0-1;shimmerLocal_sma_stddev;shimmerLocal_sma_skewness;shimmerLocal_sma_kurtosis;shimmerLocal_sma_upleveltime25;shimmerLocal_sma_upleveltime50;shimmerLocal_sma_upleveltime75;shimmerLocal_sma_upleveltime90;shimmerLocal_sma_risetime;shimmerLocal_sma_leftctime;shimmerLocal_sma_lpgain;shimmerLocal_sma_lpc0;shimmerLocal_sma_lpc1;shimmerLocal_sma_lpc2;shimmerLocal_sma_lpc3;shimmerLocal_sma_lpc4;logHNR_sma_amean;logHNR_sma_flatness;logHNR_sma_posamean;logHNR_sma_rqmean;logHNR_sma_range;logHNR_sma_maxPos;logHNR_sma_minPos;logHNR_sma_linregc1;logHNR_sma_linregc2;logHNR_sma_linregerrQ;logHNR_sma_qregc1;logHNR_sma_qregc2;logHNR_sma_qregc3;logHNR_sma_qregerrQ;logHNR_sma_centroid;logHNR_sma_quartile1;logHNR_sma_quartile2;logHNR_sma_quartile3;logHNR_sma_iqr1-2;logHNR_sma_iqr2-3;logHNR_sma_iqr1-3;logHNR_sma_percentile1.0;logHNR_sma_percentile99.0;logHNR_sma_pctlrange0-1;logHNR_sma_stddev;logHNR_sma_skewness;logHNR_sma_kurtosis;logHNR_sma_upleveltime25;logHNR_sma_upleveltime50;logHNR_sma_upleveltime75;logHNR_sma_upleveltime90;logHNR_sma_risetime;logHNR_sma_leftctime;logHNR_sma_lpgain;logHNR_sma_lpc0;logHNR_sma_lpc1;logHNR_sma_lpc2;logHNR_sma_lpc3;logHNR_sma_lpc4;F0final_sma_de_amean;F0final_sma_de_flatness;F0final_sma_de_posamean;F0final_sma_de_rqmean;F0final_sma_de_range;F0final_sma_de_maxPos;F0final_sma_de_minPos;F0final_sma_de_linregc1;F0final_sma_de_linregc2;F0final_sma_de_linregerrQ;F0final_sma_de_qregc1;F0final_sma_de_qregc2;F0final_sma_de_qregc3;F0final_sma_de_qregerrQ;F0final_sma_de_centroid;F0final_sma_de_quartile1;F0final_sma_de_quartile2;F0final_sma_de_quartile3;F0final_sma_de_iqr1-2;F0final_sma_de_iqr2-3;F0final_sma_de_iqr1-3;F0final_sma_de_percentile1.0;F0final_sma_de_percentile99.0;F0final_sma_de_pctlrange0-1;F0final_sma_de_stddev;F0final_sma_de_skewness;F0final_sma_de_kurtosis;F0final_sma_de_upleveltime25;F0final_sma_de_upleveltime50;F0final_sma_de_upleveltime75;F0final_sma_de_upleveltime90;F0final_sma_de_risetime;F0final_sma_de_leftctime;F0final_sma_de_lpgain;F0final_sma_de_lpc0;F0final_sma_de_lpc1;F0final_sma_de_lpc2;F0final_sma_de_lpc3;F0final_sma_de_lpc4;voicingFinalUnclipped_sma_de_amean;voicingFinalUnclipped_sma_de_flatness;voicingFinalUnclipped_sma_de_posamean;voicingFinalUnclipped_sma_de_rqmean;voicingFinalUnclipped_sma_de_range;voicingFinalUnclipped_sma_de_maxPos;voicingFinalUnclipped_sma_de_minPos;voicingFinalUnclipped_sma_de_linregc1;voicingFinalUnclipped_sma_de_linregc2;voicingFinalUnclipped_sma_de_linregerrQ;voicingFinalUnclipped_sma_de_qregc1;voicingFinalUnclipped_sma_de_qregc2;voicingFinalUnclipped_sma_de_qregc3;voicingFinalUnclipped_sma_de_qregerrQ;voicingFinalUnclipped_sma_de_centroid;voicingFinalUnclipped_sma_de_quartile1;voicingFinalUnclipped_sma_de_quartile2;voicingFinalUnclipped_sma_de_quartile3;voicingFinalUnclipped_sma_de_iqr1-2;voicingFinalUnclipped_sma_de_iqr2-3;voicingFinalUnclipped_sma_de_iqr1-3;voicingFinalUnclipped_sma_de_percentile1.0;voicingFinalUnclipped_sma_de_percentile99.0;voicingFinalUnclipped_sma_de_pctlrange0-1;voicingFinalUnclipped_sma_de_stddev;voicingFinalUnclipped_sma_de_skewness;voicingFinalUnclipped_sma_de_kurtosis;voicingFinalUnclipped_sma_de_upleveltime25;voicingFinalUnclipped_sma_de_upleveltime50;voicingFinalUnclipped_sma_de_upleveltime75;voicingFinalUnclipped_sma_de_upleveltime90;voicingFinalUnclipped_sma_de_risetime;voicingFinalUnclipped_sma_de_leftctime;voicingFinalUnclipped_sma_de_lpgain;voicingFinalUnclipped_sma_de_lpc0;voicingFinalUnclipped_sma_de_lpc1;voicingFinalUnclipped_sma_de_lpc2;voicingFinalUnclipped_sma_de_lpc3;voicingFinalUnclipped_sma_de_lpc4;jitterLocal_sma_de_amean;jitterLocal_sma_de_flatness;jitterLocal_sma_de_posamean;jitterLocal_sma_de_rqmean;jitterLocal_sma_de_range;jitterLocal_sma_de_maxPos;jitterLocal_sma_de_minPos;jitterLocal_sma_de_linregc1;jitterLocal_sma_de_linregc2;jitterLocal_sma_de_linregerrQ;jitterLocal_sma_de_qregc1;jitterLocal_sma_de_qregc2;jitterLocal_sma_de_qregc3;jitterLocal_sma_de_qregerrQ;jitterLocal_sma_de_centroid;jitterLocal_sma_de_quartile1;jitterLocal_sma_de_quartile2;jitterLocal_sma_de_quartile3;jitterLocal_sma_de_iqr1-2;jitterLocal_sma_de_iqr2-3;jitterLocal_sma_de_iqr1-3;jitterLocal_sma_de_percentile1.0;jitterLocal_sma_de_percentile99.0;jitterLocal_sma_de_pctlrange0-1;jitterLocal_sma_de_stddev;jitterLocal_sma_de_skewness;jitterLocal_sma_de_kurtosis;jitterLocal_sma_de_upleveltime25;jitterLocal_sma_de_upleveltime50;jitterLocal_sma_de_upleveltime75;jitterLocal_sma_de_upleveltime90;jitterLocal_sma_de_risetime;jitterLocal_sma_de_leftctime;jitterLocal_sma_de_lpgain;jitterLocal_sma_de_lpc0;jitterLocal_sma_de_lpc1;jitterLocal_sma_de_lpc2;jitterLocal_sma_de_lpc3;jitterLocal_sma_de_lpc4;jitterDDP_sma_de_amean;jitterDDP_sma_de_flatness;jitterDDP_sma_de_posamean;jitterDDP_sma_de_rqmean;jitterDDP_sma_de_range;jitterDDP_sma_de_maxPos;jitterDDP_sma_de_minPos;jitterDDP_sma_de_linregc1;jitterDDP_sma_de_linregc2;jitterDDP_sma_de_linregerrQ;jitterDDP_sma_de_qregc1;jitterDDP_sma_de_qregc2;jitterDDP_sma_de_qregc3;jitterDDP_sma_de_qregerrQ;jitterDDP_sma_de_centroid;jitterDDP_sma_de_quartile1;jitterDDP_sma_de_quartile2;jitterDDP_sma_de_quartile3;jitterDDP_sma_de_iqr1-2;jitterDDP_sma_de_iqr2-3;jitterDDP_sma_de_iqr1-3;jitterDDP_sma_de_percentile1.0;jitterDDP_sma_de_percentile99.0;jitterDDP_sma_de_pctlrange0-1;jitterDDP_sma_de_stddev;jitterDDP_sma_de_skewness;jitterDDP_sma_de_kurtosis;jitterDDP_sma_de_upleveltime25;jitterDDP_sma_de_upleveltime50;jitterDDP_sma_de_upleveltime75;jitterDDP_sma_de_upleveltime90;jitterDDP_sma_de_risetime;jitterDDP_sma_de_leftctime;jitterDDP_sma_de_lpgain;jitterDDP_sma_de_lpc0;jitterDDP_sma_de_lpc1;jitterDDP_sma_de_lpc2;jitterDDP_sma_de_lpc3;jitterDDP_sma_de_lpc4;shimmerLocal_sma_de_amean;shimmerLocal_sma_de_flatness;shimmerLocal_sma_de_posamean;shimmerLocal_sma_de_rqmean;shimmerLocal_sma_de_range;shimmerLocal_sma_de_maxPos;shimmerLocal_sma_de_minPos;shimmerLocal_sma_de_linregc1;shimmerLocal_sma_de_linregc2;shimmerLocal_sma_de_linregerrQ;shimmerLocal_sma_de_qregc1;shimmerLocal_sma_de_qregc2;shimmerLocal_sma_de_qregc3;shimmerLocal_sma_de_qregerrQ;shimmerLocal_sma_de_centroid;shimmerLocal_sma_de_quartile1;shimmerLocal_sma_de_quartile2;shimmerLocal_sma_de_quartile3;shimmerLocal_sma_de_iqr1-2;shimmerLocal_sma_de_iqr2-3;shimmerLocal_sma_de_iqr1-3;shimmerLocal_sma_de_percentile1.0;shimmerLocal_sma_de_percentile99.0;shimmerLocal_sma_de_pctlrange0-1;shimmerLocal_sma_de_stddev;shimmerLocal_sma_de_skewness;shimmerLocal_sma_de_kurtosis;shimmerLocal_sma_de_upleveltime25;shimmerLocal_sma_de_upleveltime50;shimmerLocal_sma_de_upleveltime75;shimmerLocal_sma_de_upleveltime90;shimmerLocal_sma_de_risetime;shimmerLocal_sma_de_leftctime;shimmerLocal_sma_de_lpgain;shimmerLocal_sma_de_lpc0;shimmerLocal_sma_de_lpc1;shimmerLocal_sma_de_lpc2;shimmerLocal_sma_de_lpc3;shimmerLocal_sma_de_lpc4;logHNR_sma_de_amean;logHNR_sma_de_flatness;logHNR_sma_de_posamean;logHNR_sma_de_rqmean;logHNR_sma_de_range;logHNR_sma_de_maxPos;logHNR_sma_de_minPos;logHNR_sma_de_linregc1;logHNR_sma_de_linregc2;logHNR_sma_de_linregerrQ;logHNR_sma_de_qregc1;logHNR_sma_de_qregc2;logHNR_sma_de_qregc3;logHNR_sma_de_qregerrQ;logHNR_sma_de_centroid;logHNR_sma_de_quartile1;logHNR_sma_de_quartile2;logHNR_sma_de_quartile3;logHNR_sma_de_iqr1-2;logHNR_sma_de_iqr2-3;logHNR_sma_de_iqr1-3;logHNR_sma_de_percentile1.0;logHNR_sma_de_percentile99.0;logHNR_sma_de_pctlrange0-1;logHNR_sma_de_stddev;logHNR_sma_de_skewness;logHNR_sma_de_kurtosis;logHNR_sma_de_upleveltime25;logHNR_sma_de_upleveltime50;logHNR_sma_de_upleveltime75;logHNR_sma_de_upleveltime90;logHNR_sma_de_risetime;logHNR_sma_de_leftctime;logHNR_sma_de_lpgain;logHNR_sma_de_lpc0;logHNR_sma_de_lpc1;logHNR_sma_de_lpc2;logHNR_sma_de_lpc3;logHNR_sma_de_lpc4;F0final_sma_ff0_nnz;F0final_sma_ff0_meanSegLen;F0final_sma_ff0_maxSegLen;F0final_sma_ff0_minSegLen;F0final_sma_ff0_segLenStddev;audspec_lengthL1norm_sma_amean;audspec_lengthL1norm_sma_flatness;audspec_lengthL1norm_sma_rqmean;audspec_lengthL1norm_sma_meanPeakDist;audspec_lengthL1norm_sma_peakDistStddev;audspec_lengthL1norm_sma_peakRangeAbs;audspec_lengthL1norm_sma_peakRangeRel;audspec_lengthL1norm_sma_peakMeanAbs;audspec_lengthL1norm_sma_peakMeanMeanDist;audspec_lengthL1norm_sma_peakMeanRel;audspec_lengthL1norm_sma_minRangeRel;audspec_lengthL1norm_sma_meanRisingSlope;audspec_lengthL1norm_sma_stddevRisingSlope;audspec_lengthL1norm_sma_meanFallingSlope;audspec_lengthL1norm_sma_stddevFallingSlope;audspec_lengthL1norm_sma_linregc1;audspec_lengthL1norm_sma_linregc2;audspec_lengthL1norm_sma_linregerrQ;audspec_lengthL1norm_sma_qregc1;audspec_lengthL1norm_sma_qregc2;audspec_lengthL1norm_sma_qregc3;audspec_lengthL1norm_sma_qregerrQ;audspec_lengthL1norm_sma_centroid;audspecRasta_lengthL1norm_sma_amean;audspecRasta_lengthL1norm_sma_flatness;audspecRasta_lengthL1norm_sma_rqmean;audspecRasta_lengthL1norm_sma_meanPeakDist;audspecRasta_lengthL1norm_sma_peakDistStddev;audspecRasta_lengthL1norm_sma_peakRangeAbs;audspecRasta_lengthL1norm_sma_peakRangeRel;audspecRasta_lengthL1norm_sma_peakMeanAbs;audspecRasta_lengthL1norm_sma_peakMeanMeanDist;audspecRasta_lengthL1norm_sma_peakMeanRel;audspecRasta_lengthL1norm_sma_minRangeRel;audspecRasta_lengthL1norm_sma_meanRisingSlope;audspecRasta_lengthL1norm_sma_stddevRisingSlope;audspecRasta_lengthL1norm_sma_meanFallingSlope;audspecRasta_lengthL1norm_sma_stddevFallingSlope;audspecRasta_lengthL1norm_sma_linregc1;audspecRasta_lengthL1norm_sma_linregc2;audspecRasta_lengthL1norm_sma_linregerrQ;audspecRasta_lengthL1norm_sma_qregc1;audspecRasta_lengthL1norm_sma_qregc2;audspecRasta_lengthL1norm_sma_qregc3;audspecRasta_lengthL1norm_sma_qregerrQ;audspecRasta_lengthL1norm_sma_centroid;pcm_RMSenergy_sma_amean;pcm_RMSenergy_sma_flatness;pcm_RMSenergy_sma_rqmean;pcm_RMSenergy_sma_meanPeakDist;pcm_RMSenergy_sma_peakDistStddev;pcm_RMSenergy_sma_peakRangeAbs;pcm_RMSenergy_sma_peakRangeRel;pcm_RMSenergy_sma_peakMeanAbs;pcm_RMSenergy_sma_peakMeanMeanDist;pcm_RMSenergy_sma_peakMeanRel;pcm_RMSenergy_sma_minRangeRel;pcm_RMSenergy_sma_meanRisingSlope;pcm_RMSenergy_sma_stddevRisingSlope;pcm_RMSenergy_sma_meanFallingSlope;pcm_RMSenergy_sma_stddevFallingSlope;pcm_RMSenergy_sma_linregc1;pcm_RMSenergy_sma_linregc2;pcm_RMSenergy_sma_linregerrQ;pcm_RMSenergy_sma_qregc1;pcm_RMSenergy_sma_qregc2;pcm_RMSenergy_sma_qregc3;pcm_RMSenergy_sma_qregerrQ;pcm_RMSenergy_sma_centroid;pcm_zcr_sma_amean;pcm_zcr_sma_flatness;pcm_zcr_sma_rqmean;pcm_zcr_sma_meanPeakDist;pcm_zcr_sma_peakDistStddev;pcm_zcr_sma_peakRangeAbs;pcm_zcr_sma_peakRangeRel;pcm_zcr_sma_peakMeanAbs;pcm_zcr_sma_peakMeanMeanDist;pcm_zcr_sma_peakMeanRel;pcm_zcr_sma_minRangeRel;pcm_zcr_sma_meanRisingSlope;pcm_zcr_sma_stddevRisingSlope;pcm_zcr_sma_meanFallingSlope;pcm_zcr_sma_stddevFallingSlope;pcm_zcr_sma_linregc1;pcm_zcr_sma_linregc2;pcm_zcr_sma_linregerrQ;pcm_zcr_sma_qregc1;pcm_zcr_sma_qregc2;pcm_zcr_sma_qregc3;pcm_zcr_sma_qregerrQ;pcm_zcr_sma_centroid;audSpec_Rfilt_sma[0]_amean;audSpec_Rfilt_sma[0]_flatness;audSpec_Rfilt_sma[0]_rqmean;audSpec_Rfilt_sma[0]_meanPeakDist;audSpec_Rfilt_sma[0]_peakDistStddev;audSpec_Rfilt_sma[0]_peakRangeAbs;audSpec_Rfilt_sma[0]_peakRangeRel;audSpec_Rfilt_sma[0]_peakMeanAbs;audSpec_Rfilt_sma[0]_peakMeanMeanDist;audSpec_Rfilt_sma[0]_peakMeanRel;audSpec_Rfilt_sma[0]_minRangeRel;audSpec_Rfilt_sma[0]_meanRisingSlope;audSpec_Rfilt_sma[0]_stddevRisingSlope;audSpec_Rfilt_sma[0]_meanFallingSlope;audSpec_Rfilt_sma[0]_stddevFallingSlope;audSpec_Rfilt_sma[0]_linregc1;audSpec_Rfilt_sma[0]_linregc2;audSpec_Rfilt_sma[0]_linregerrQ;audSpec_Rfilt_sma[0]_qregc1;audSpec_Rfilt_sma[0]_qregc2;audSpec_Rfilt_sma[0]_qregc3;audSpec_Rfilt_sma[0]_qregerrQ;audSpec_Rfilt_sma[0]_centroid;audSpec_Rfilt_sma[1]_amean;audSpec_Rfilt_sma[1]_flatness;audSpec_Rfilt_sma[1]_rqmean;audSpec_Rfilt_sma[1]_meanPeakDist;audSpec_Rfilt_sma[1]_peakDistStddev;audSpec_Rfilt_sma[1]_peakRangeAbs;audSpec_Rfilt_sma[1]_peakRangeRel;audSpec_Rfilt_sma[1]_peakMeanAbs;audSpec_Rfilt_sma[1]_peakMeanMeanDist;audSpec_Rfilt_sma[1]_peakMeanRel;audSpec_Rfilt_sma[1]_minRangeRel;audSpec_Rfilt_sma[1]_meanRisingSlope;audSpec_Rfilt_sma[1]_stddevRisingSlope;audSpec_Rfilt_sma[1]_meanFallingSlope;audSpec_Rfilt_sma[1]_stddevFallingSlope;audSpec_Rfilt_sma[1]_linregc1;audSpec_Rfilt_sma[1]_linregc2;audSpec_Rfilt_sma[1]_linregerrQ;audSpec_Rfilt_sma[1]_qregc1;audSpec_Rfilt_sma[1]_qregc2;audSpec_Rfilt_sma[1]_qregc3;audSpec_Rfilt_sma[1]_qregerrQ;audSpec_Rfilt_sma[1]_centroid;audSpec_Rfilt_sma[2]_amean;audSpec_Rfilt_sma[2]_flatness;audSpec_Rfilt_sma[2]_rqmean;audSpec_Rfilt_sma[2]_meanPeakDist;audSpec_Rfilt_sma[2]_peakDistStddev;audSpec_Rfilt_sma[2]_peakRangeAbs;audSpec_Rfilt_sma[2]_peakRangeRel;audSpec_Rfilt_sma[2]_peakMeanAbs;audSpec_Rfilt_sma[2]_peakMeanMeanDist;audSpec_Rfilt_sma[2]_peakMeanRel;audSpec_Rfilt_sma[2]_minRangeRel;audSpec_Rfilt_sma[2]_meanRisingSlope;audSpec_Rfilt_sma[2]_stddevRisingSlope;audSpec_Rfilt_sma[2]_meanFallingSlope;audSpec_Rfilt_sma[2]_stddevFallingSlope;audSpec_Rfilt_sma[2]_linregc1;audSpec_Rfilt_sma[2]_linregc2;audSpec_Rfilt_sma[2]_linregerrQ;audSpec_Rfilt_sma[2]_qregc1;audSpec_Rfilt_sma[2]_qregc2;audSpec_Rfilt_sma[2]_qregc3;audSpec_Rfilt_sma[2]_qregerrQ;audSpec_Rfilt_sma[2]_centroid;audSpec_Rfilt_sma[3]_amean;audSpec_Rfilt_sma[3]_flatness;audSpec_Rfilt_sma[3]_rqmean;audSpec_Rfilt_sma[3]_meanPeakDist;audSpec_Rfilt_sma[3]_peakDistStddev;audSpec_Rfilt_sma[3]_peakRangeAbs;audSpec_Rfilt_sma[3]_peakRangeRel;audSpec_Rfilt_sma[3]_peakMeanAbs;audSpec_Rfilt_sma[3]_peakMeanMeanDist;audSpec_Rfilt_sma[3]_peakMeanRel;audSpec_Rfilt_sma[3]_minRangeRel;audSpec_Rfilt_sma[3]_meanRisingSlope;audSpec_Rfilt_sma[3]_stddevRisingSlope;audSpec_Rfilt_sma[3]_meanFallingSlope;audSpec_Rfilt_sma[3]_stddevFallingSlope;audSpec_Rfilt_sma[3]_linregc1;audSpec_Rfilt_sma[3]_linregc2;audSpec_Rfilt_sma[3]_linregerrQ;audSpec_Rfilt_sma[3]_qregc1;audSpec_Rfilt_sma[3]_qregc2;audSpec_Rfilt_sma[3]_qregc3;audSpec_Rfilt_sma[3]_qregerrQ;audSpec_Rfilt_sma[3]_centroid;audSpec_Rfilt_sma[4]_amean;audSpec_Rfilt_sma[4]_flatness;audSpec_Rfilt_sma[4]_rqmean;audSpec_Rfilt_sma[4]_meanPeakDist;audSpec_Rfilt_sma[4]_peakDistStddev;audSpec_Rfilt_sma[4]_peakRangeAbs;audSpec_Rfilt_sma[4]_peakRangeRel;audSpec_Rfilt_sma[4]_peakMeanAbs;audSpec_Rfilt_sma[4]_peakMeanMeanDist;audSpec_Rfilt_sma[4]_peakMeanRel;audSpec_Rfilt_sma[4]_minRangeRel;audSpec_Rfilt_sma[4]_meanRisingSlope;audSpec_Rfilt_sma[4]_stddevRisingSlope;audSpec_Rfilt_sma[4]_meanFallingSlope;audSpec_Rfilt_sma[4]_stddevFallingSlope;audSpec_Rfilt_sma[4]_linregc1;audSpec_Rfilt_sma[4]_linregc2;audSpec_Rfilt_sma[4]_linregerrQ;audSpec_Rfilt_sma[4]_qregc1;audSpec_Rfilt_sma[4]_qregc2;audSpec_Rfilt_sma[4]_qregc3;audSpec_Rfilt_sma[4]_qregerrQ;audSpec_Rfilt_sma[4]_centroid;audSpec_Rfilt_sma[5]_amean;audSpec_Rfilt_sma[5]_flatness;audSpec_Rfilt_sma[5]_rqmean;audSpec_Rfilt_sma[5]_meanPeakDist;audSpec_Rfilt_sma[5]_peakDistStddev;audSpec_Rfilt_sma[5]_peakRangeAbs;audSpec_Rfilt_sma[5]_peakRangeRel;audSpec_Rfilt_sma[5]_peakMeanAbs;audSpec_Rfilt_sma[5]_peakMeanMeanDist;audSpec_Rfilt_sma[5]_peakMeanRel;audSpec_Rfilt_sma[5]_minRangeRel;audSpec_Rfilt_sma[5]_meanRisingSlope;audSpec_Rfilt_sma[5]_stddevRisingSlope;audSpec_Rfilt_sma[5]_meanFallingSlope;audSpec_Rfilt_sma[5]_stddevFallingSlope;audSpec_Rfilt_sma[5]_linregc1;audSpec_Rfilt_sma[5]_linregc2;audSpec_Rfilt_sma[5]_linregerrQ;audSpec_Rfilt_sma[5]_qregc1;audSpec_Rfilt_sma[5]_qregc2;audSpec_Rfilt_sma[5]_qregc3;audSpec_Rfilt_sma[5]_qregerrQ;audSpec_Rfilt_sma[5]_centroid;audSpec_Rfilt_sma[6]_amean;audSpec_Rfilt_sma[6]_flatness;audSpec_Rfilt_sma[6]_rqmean;audSpec_Rfilt_sma[6]_meanPeakDist;audSpec_Rfilt_sma[6]_peakDistStddev;audSpec_Rfilt_sma[6]_peakRangeAbs;audSpec_Rfilt_sma[6]_peakRangeRel;audSpec_Rfilt_sma[6]_peakMeanAbs;audSpec_Rfilt_sma[6]_peakMeanMeanDist;audSpec_Rfilt_sma[6]_peakMeanRel;audSpec_Rfilt_sma[6]_minRangeRel;audSpec_Rfilt_sma[6]_meanRisingSlope;audSpec_Rfilt_sma[6]_stddevRisingSlope;audSpec_Rfilt_sma[6]_meanFallingSlope;audSpec_Rfilt_sma[6]_stddevFallingSlope;audSpec_Rfilt_sma[6]_linregc1;audSpec_Rfilt_sma[6]_linregc2;audSpec_Rfilt_sma[6]_linregerrQ;audSpec_Rfilt_sma[6]_qregc1;audSpec_Rfilt_sma[6]_qregc2;audSpec_Rfilt_sma[6]_qregc3;audSpec_Rfilt_sma[6]_qregerrQ;audSpec_Rfilt_sma[6]_centroid;audSpec_Rfilt_sma[7]_amean;audSpec_Rfilt_sma[7]_flatness;audSpec_Rfilt_sma[7]_rqmean;audSpec_Rfilt_sma[7]_meanPeakDist;audSpec_Rfilt_sma[7]_peakDistStddev;audSpec_Rfilt_sma[7]_peakRangeAbs;audSpec_Rfilt_sma[7]_peakRangeRel;audSpec_Rfilt_sma[7]_peakMeanAbs;audSpec_Rfilt_sma[7]_peakMeanMeanDist;audSpec_Rfilt_sma[7]_peakMeanRel;audSpec_Rfilt_sma[7]_minRangeRel;audSpec_Rfilt_sma[7]_meanRisingSlope;audSpec_Rfilt_sma[7]_stddevRisingSlope;audSpec_Rfilt_sma[7]_meanFallingSlope;audSpec_Rfilt_sma[7]_stddevFallingSlope;audSpec_Rfilt_sma[7]_linregc1;audSpec_Rfilt_sma[7]_linregc2;audSpec_Rfilt_sma[7]_linregerrQ;audSpec_Rfilt_sma[7]_qregc1;audSpec_Rfilt_sma[7]_qregc2;audSpec_Rfilt_sma[7]_qregc3;audSpec_Rfilt_sma[7]_qregerrQ;audSpec_Rfilt_sma[7]_centroid;audSpec_Rfilt_sma[8]_amean;audSpec_Rfilt_sma[8]_flatness;audSpec_Rfilt_sma[8]_rqmean;audSpec_Rfilt_sma[8]_meanPeakDist;audSpec_Rfilt_sma[8]_peakDistStddev;audSpec_Rfilt_sma[8]_peakRangeAbs;audSpec_Rfilt_sma[8]_peakRangeRel;audSpec_Rfilt_sma[8]_peakMeanAbs;audSpec_Rfilt_sma[8]_peakMeanMeanDist;audSpec_Rfilt_sma[8]_peakMeanRel;audSpec_Rfilt_sma[8]_minRangeRel;audSpec_Rfilt_sma[8]_meanRisingSlope;audSpec_Rfilt_sma[8]_stddevRisingSlope;audSpec_Rfilt_sma[8]_meanFallingSlope;audSpec_Rfilt_sma[8]_stddevFallingSlope;audSpec_Rfilt_sma[8]_linregc1;audSpec_Rfilt_sma[8]_linregc2;audSpec_Rfilt_sma[8]_linregerrQ;audSpec_Rfilt_sma[8]_qregc1;audSpec_Rfilt_sma[8]_qregc2;audSpec_Rfilt_sma[8]_qregc3;audSpec_Rfilt_sma[8]_qregerrQ;audSpec_Rfilt_sma[8]_centroid;audSpec_Rfilt_sma[9]_amean;audSpec_Rfilt_sma[9]_flatness;audSpec_Rfilt_sma[9]_rqmean;audSpec_Rfilt_sma[9]_meanPeakDist;audSpec_Rfilt_sma[9]_peakDistStddev;audSpec_Rfilt_sma[9]_peakRangeAbs;audSpec_Rfilt_sma[9]_peakRangeRel;audSpec_Rfilt_sma[9]_peakMeanAbs;audSpec_Rfilt_sma[9]_peakMeanMeanDist;audSpec_Rfilt_sma[9]_peakMeanRel;audSpec_Rfilt_sma[9]_minRangeRel;audSpec_Rfilt_sma[9]_meanRisingSlope;audSpec_Rfilt_sma[9]_stddevRisingSlope;audSpec_Rfilt_sma[9]_meanFallingSlope;audSpec_Rfilt_sma[9]_stddevFallingSlope;audSpec_Rfilt_sma[9]_linregc1;audSpec_Rfilt_sma[9]_linregc2;audSpec_Rfilt_sma[9]_linregerrQ;audSpec_Rfilt_sma[9]_qregc1;audSpec_Rfilt_sma[9]_qregc2;audSpec_Rfilt_sma[9]_qregc3;audSpec_Rfilt_sma[9]_qregerrQ;audSpec_Rfilt_sma[9]_centroid;audSpec_Rfilt_sma[10]_amean;audSpec_Rfilt_sma[10]_flatness;audSpec_Rfilt_sma[10]_rqmean;audSpec_Rfilt_sma[10]_meanPeakDist;audSpec_Rfilt_sma[10]_peakDistStddev;audSpec_Rfilt_sma[10]_peakRangeAbs;audSpec_Rfilt_sma[10]_peakRangeRel;audSpec_Rfilt_sma[10]_peakMeanAbs;audSpec_Rfilt_sma[10]_peakMeanMeanDist;audSpec_Rfilt_sma[10]_peakMeanRel;audSpec_Rfilt_sma[10]_minRangeRel;audSpec_Rfilt_sma[10]_meanRisingSlope;audSpec_Rfilt_sma[10]_stddevRisingSlope;audSpec_Rfilt_sma[10]_meanFallingSlope;audSpec_Rfilt_sma[10]_stddevFallingSlope;audSpec_Rfilt_sma[10]_linregc1;audSpec_Rfilt_sma[10]_linregc2;audSpec_Rfilt_sma[10]_linregerrQ;audSpec_Rfilt_sma[10]_qregc1;audSpec_Rfilt_sma[10]_qregc2;audSpec_Rfilt_sma[10]_qregc3;audSpec_Rfilt_sma[10]_qregerrQ;audSpec_Rfilt_sma[10]_centroid;audSpec_Rfilt_sma[11]_amean;audSpec_Rfilt_sma[11]_flatness;audSpec_Rfilt_sma[11]_rqmean;audSpec_Rfilt_sma[11]_meanPeakDist;audSpec_Rfilt_sma[11]_peakDistStddev;audSpec_Rfilt_sma[11]_peakRangeAbs;audSpec_Rfilt_sma[11]_peakRangeRel;audSpec_Rfilt_sma[11]_peakMeanAbs;audSpec_Rfilt_sma[11]_peakMeanMeanDist;audSpec_Rfilt_sma[11]_peakMeanRel;audSpec_Rfilt_sma[11]_minRangeRel;audSpec_Rfilt_sma[11]_meanRisingSlope;audSpec_Rfilt_sma[11]_stddevRisingSlope;audSpec_Rfilt_sma[11]_meanFallingSlope;audSpec_Rfilt_sma[11]_stddevFallingSlope;audSpec_Rfilt_sma[11]_linregc1;audSpec_Rfilt_sma[11]_linregc2;audSpec_Rfilt_sma[11]_linregerrQ;audSpec_Rfilt_sma[11]_qregc1;audSpec_Rfilt_sma[11]_qregc2;audSpec_Rfilt_sma[11]_qregc3;audSpec_Rfilt_sma[11]_qregerrQ;audSpec_Rfilt_sma[11]_centroid;audSpec_Rfilt_sma[12]_amean;audSpec_Rfilt_sma[12]_flatness;audSpec_Rfilt_sma[12]_rqmean;audSpec_Rfilt_sma[12]_meanPeakDist;audSpec_Rfilt_sma[12]_peakDistStddev;audSpec_Rfilt_sma[12]_peakRangeAbs;audSpec_Rfilt_sma[12]_peakRangeRel;audSpec_Rfilt_sma[12]_peakMeanAbs;audSpec_Rfilt_sma[12]_peakMeanMeanDist;audSpec_Rfilt_sma[12]_peakMeanRel;audSpec_Rfilt_sma[12]_minRangeRel;audSpec_Rfilt_sma[12]_meanRisingSlope;audSpec_Rfilt_sma[12]_stddevRisingSlope;audSpec_Rfilt_sma[12]_meanFallingSlope;audSpec_Rfilt_sma[12]_stddevFallingSlope;audSpec_Rfilt_sma[12]_linregc1;audSpec_Rfilt_sma[12]_linregc2;audSpec_Rfilt_sma[12]_linregerrQ;audSpec_Rfilt_sma[12]_qregc1;audSpec_Rfilt_sma[12]_qregc2;audSpec_Rfilt_sma[12]_qregc3;audSpec_Rfilt_sma[12]_qregerrQ;audSpec_Rfilt_sma[12]_centroid;audSpec_Rfilt_sma[13]_amean;audSpec_Rfilt_sma[13]_flatness;audSpec_Rfilt_sma[13]_rqmean;audSpec_Rfilt_sma[13]_meanPeakDist;audSpec_Rfilt_sma[13]_peakDistStddev;audSpec_Rfilt_sma[13]_peakRangeAbs;audSpec_Rfilt_sma[13]_peakRangeRel;audSpec_Rfilt_sma[13]_peakMeanAbs;audSpec_Rfilt_sma[13]_peakMeanMeanDist;audSpec_Rfilt_sma[13]_peakMeanRel;audSpec_Rfilt_sma[13]_minRangeRel;audSpec_Rfilt_sma[13]_meanRisingSlope;audSpec_Rfilt_sma[13]_stddevRisingSlope;audSpec_Rfilt_sma[13]_meanFallingSlope;audSpec_Rfilt_sma[13]_stddevFallingSlope;audSpec_Rfilt_sma[13]_linregc1;audSpec_Rfilt_sma[13]_linregc2;audSpec_Rfilt_sma[13]_linregerrQ;audSpec_Rfilt_sma[13]_qregc1;audSpec_Rfilt_sma[13]_qregc2;audSpec_Rfilt_sma[13]_qregc3;audSpec_Rfilt_sma[13]_qregerrQ;audSpec_Rfilt_sma[13]_centroid;audSpec_Rfilt_sma[14]_amean;audSpec_Rfilt_sma[14]_flatness;audSpec_Rfilt_sma[14]_rqmean;audSpec_Rfilt_sma[14]_meanPeakDist;audSpec_Rfilt_sma[14]_peakDistStddev;audSpec_Rfilt_sma[14]_peakRangeAbs;audSpec_Rfilt_sma[14]_peakRangeRel;audSpec_Rfilt_sma[14]_peakMeanAbs;audSpec_Rfilt_sma[14]_peakMeanMeanDist;audSpec_Rfilt_sma[14]_peakMeanRel;audSpec_Rfilt_sma[14]_minRangeRel;audSpec_Rfilt_sma[14]_meanRisingSlope;audSpec_Rfilt_sma[14]_stddevRisingSlope;audSpec_Rfilt_sma[14]_meanFallingSlope;audSpec_Rfilt_sma[14]_stddevFallingSlope;audSpec_Rfilt_sma[14]_linregc1;audSpec_Rfilt_sma[14]_linregc2;audSpec_Rfilt_sma[14]_linregerrQ;audSpec_Rfilt_sma[14]_qregc1;audSpec_Rfilt_sma[14]_qregc2;audSpec_Rfilt_sma[14]_qregc3;audSpec_Rfilt_sma[14]_qregerrQ;audSpec_Rfilt_sma[14]_centroid;audSpec_Rfilt_sma[15]_amean;audSpec_Rfilt_sma[15]_flatness;audSpec_Rfilt_sma[15]_rqmean;audSpec_Rfilt_sma[15]_meanPeakDist;audSpec_Rfilt_sma[15]_peakDistStddev;audSpec_Rfilt_sma[15]_peakRangeAbs;audSpec_Rfilt_sma[15]_peakRangeRel;audSpec_Rfilt_sma[15]_peakMeanAbs;audSpec_Rfilt_sma[15]_peakMeanMeanDist;audSpec_Rfilt_sma[15]_peakMeanRel;audSpec_Rfilt_sma[15]_minRangeRel;audSpec_Rfilt_sma[15]_meanRisingSlope;audSpec_Rfilt_sma[15]_stddevRisingSlope;audSpec_Rfilt_sma[15]_meanFallingSlope;audSpec_Rfilt_sma[15]_stddevFallingSlope;audSpec_Rfilt_sma[15]_linregc1;audSpec_Rfilt_sma[15]_linregc2;audSpec_Rfilt_sma[15]_linregerrQ;audSpec_Rfilt_sma[15]_qregc1;audSpec_Rfilt_sma[15]_qregc2;audSpec_Rfilt_sma[15]_qregc3;audSpec_Rfilt_sma[15]_qregerrQ;audSpec_Rfilt_sma[15]_centroid;audSpec_Rfilt_sma[16]_amean;audSpec_Rfilt_sma[16]_flatness;audSpec_Rfilt_sma[16]_rqmean;audSpec_Rfilt_sma[16]_meanPeakDist;audSpec_Rfilt_sma[16]_peakDistStddev;audSpec_Rfilt_sma[16]_peakRangeAbs;audSpec_Rfilt_sma[16]_peakRangeRel;audSpec_Rfilt_sma[16]_peakMeanAbs;audSpec_Rfilt_sma[16]_peakMeanMeanDist;audSpec_Rfilt_sma[16]_peakMeanRel;audSpec_Rfilt_sma[16]_minRangeRel;audSpec_Rfilt_sma[16]_meanRisingSlope;audSpec_Rfilt_sma[16]_stddevRisingSlope;audSpec_Rfilt_sma[16]_meanFallingSlope;audSpec_Rfilt_sma[16]_stddevFallingSlope;audSpec_Rfilt_sma[16]_linregc1;audSpec_Rfilt_sma[16]_linregc2;audSpec_Rfilt_sma[16]_linregerrQ;audSpec_Rfilt_sma[16]_qregc1;audSpec_Rfilt_sma[16]_qregc2;audSpec_Rfilt_sma[16]_qregc3;audSpec_Rfilt_sma[16]_qregerrQ;audSpec_Rfilt_sma[16]_centroid;audSpec_Rfilt_sma[17]_amean;audSpec_Rfilt_sma[17]_flatness;audSpec_Rfilt_sma[17]_rqmean;audSpec_Rfilt_sma[17]_meanPeakDist;audSpec_Rfilt_sma[17]_peakDistStddev;audSpec_Rfilt_sma[17]_peakRangeAbs;audSpec_Rfilt_sma[17]_peakRangeRel;audSpec_Rfilt_sma[17]_peakMeanAbs;audSpec_Rfilt_sma[17]_peakMeanMeanDist;audSpec_Rfilt_sma[17]_peakMeanRel;audSpec_Rfilt_sma[17]_minRangeRel;audSpec_Rfilt_sma[17]_meanRisingSlope;audSpec_Rfilt_sma[17]_stddevRisingSlope;audSpec_Rfilt_sma[17]_meanFallingSlope;audSpec_Rfilt_sma[17]_stddevFallingSlope;audSpec_Rfilt_sma[17]_linregc1;audSpec_Rfilt_sma[17]_linregc2;audSpec_Rfilt_sma[17]_linregerrQ;audSpec_Rfilt_sma[17]_qregc1;audSpec_Rfilt_sma[17]_qregc2;audSpec_Rfilt_sma[17]_qregc3;audSpec_Rfilt_sma[17]_qregerrQ;audSpec_Rfilt_sma[17]_centroid;audSpec_Rfilt_sma[18]_amean;audSpec_Rfilt_sma[18]_flatness;audSpec_Rfilt_sma[18]_rqmean;audSpec_Rfilt_sma[18]_meanPeakDist;audSpec_Rfilt_sma[18]_peakDistStddev;audSpec_Rfilt_sma[18]_peakRangeAbs;audSpec_Rfilt_sma[18]_peakRangeRel;audSpec_Rfilt_sma[18]_peakMeanAbs;audSpec_Rfilt_sma[18]_peakMeanMeanDist;audSpec_Rfilt_sma[18]_peakMeanRel;audSpec_Rfilt_sma[18]_minRangeRel;audSpec_Rfilt_sma[18]_meanRisingSlope;audSpec_Rfilt_sma[18]_stddevRisingSlope;audSpec_Rfilt_sma[18]_meanFallingSlope;audSpec_Rfilt_sma[18]_stddevFallingSlope;audSpec_Rfilt_sma[18]_linregc1;audSpec_Rfilt_sma[18]_linregc2;audSpec_Rfilt_sma[18]_linregerrQ;audSpec_Rfilt_sma[18]_qregc1;audSpec_Rfilt_sma[18]_qregc2;audSpec_Rfilt_sma[18]_qregc3;audSpec_Rfilt_sma[18]_qregerrQ;audSpec_Rfilt_sma[18]_centroid;audSpec_Rfilt_sma[19]_amean;audSpec_Rfilt_sma[19]_flatness;audSpec_Rfilt_sma[19]_rqmean;audSpec_Rfilt_sma[19]_meanPeakDist;audSpec_Rfilt_sma[19]_peakDistStddev;audSpec_Rfilt_sma[19]_peakRangeAbs;audSpec_Rfilt_sma[19]_peakRangeRel;audSpec_Rfilt_sma[19]_peakMeanAbs;audSpec_Rfilt_sma[19]_peakMeanMeanDist;audSpec_Rfilt_sma[19]_peakMeanRel;audSpec_Rfilt_sma[19]_minRangeRel;audSpec_Rfilt_sma[19]_meanRisingSlope;audSpec_Rfilt_sma[19]_stddevRisingSlope;audSpec_Rfilt_sma[19]_meanFallingSlope;audSpec_Rfilt_sma[19]_stddevFallingSlope;audSpec_Rfilt_sma[19]_linregc1;audSpec_Rfilt_sma[19]_linregc2;audSpec_Rfilt_sma[19]_linregerrQ;audSpec_Rfilt_sma[19]_qregc1;audSpec_Rfilt_sma[19]_qregc2;audSpec_Rfilt_sma[19]_qregc3;audSpec_Rfilt_sma[19]_qregerrQ;audSpec_Rfilt_sma[19]_centroid;audSpec_Rfilt_sma[20]_amean;audSpec_Rfilt_sma[20]_flatness;audSpec_Rfilt_sma[20]_rqmean;audSpec_Rfilt_sma[20]_meanPeakDist;audSpec_Rfilt_sma[20]_peakDistStddev;audSpec_Rfilt_sma[20]_peakRangeAbs;audSpec_Rfilt_sma[20]_peakRangeRel;audSpec_Rfilt_sma[20]_peakMeanAbs;audSpec_Rfilt_sma[20]_peakMeanMeanDist;audSpec_Rfilt_sma[20]_peakMeanRel;audSpec_Rfilt_sma[20]_minRangeRel;audSpec_Rfilt_sma[20]_meanRisingSlope;audSpec_Rfilt_sma[20]_stddevRisingSlope;audSpec_Rfilt_sma[20]_meanFallingSlope;audSpec_Rfilt_sma[20]_stddevFallingSlope;audSpec_Rfilt_sma[20]_linregc1;audSpec_Rfilt_sma[20]_linregc2;audSpec_Rfilt_sma[20]_linregerrQ;audSpec_Rfilt_sma[20]_qregc1;audSpec_Rfilt_sma[20]_qregc2;audSpec_Rfilt_sma[20]_qregc3;audSpec_Rfilt_sma[20]_qregerrQ;audSpec_Rfilt_sma[20]_centroid;audSpec_Rfilt_sma[21]_amean;audSpec_Rfilt_sma[21]_flatness;audSpec_Rfilt_sma[21]_rqmean;audSpec_Rfilt_sma[21]_meanPeakDist;audSpec_Rfilt_sma[21]_peakDistStddev;audSpec_Rfilt_sma[21]_peakRangeAbs;audSpec_Rfilt_sma[21]_peakRangeRel;audSpec_Rfilt_sma[21]_peakMeanAbs;audSpec_Rfilt_sma[21]_peakMeanMeanDist;audSpec_Rfilt_sma[21]_peakMeanRel;audSpec_Rfilt_sma[21]_minRangeRel;audSpec_Rfilt_sma[21]_meanRisingSlope;audSpec_Rfilt_sma[21]_stddevRisingSlope;audSpec_Rfilt_sma[21]_meanFallingSlope;audSpec_Rfilt_sma[21]_stddevFallingSlope;audSpec_Rfilt_sma[21]_linregc1;audSpec_Rfilt_sma[21]_linregc2;audSpec_Rfilt_sma[21]_linregerrQ;audSpec_Rfilt_sma[21]_qregc1;audSpec_Rfilt_sma[21]_qregc2;audSpec_Rfilt_sma[21]_qregc3;audSpec_Rfilt_sma[21]_qregerrQ;audSpec_Rfilt_sma[21]_centroid;audSpec_Rfilt_sma[22]_amean;audSpec_Rfilt_sma[22]_flatness;audSpec_Rfilt_sma[22]_rqmean;audSpec_Rfilt_sma[22]_meanPeakDist;audSpec_Rfilt_sma[22]_peakDistStddev;audSpec_Rfilt_sma[22]_peakRangeAbs;audSpec_Rfilt_sma[22]_peakRangeRel;audSpec_Rfilt_sma[22]_peakMeanAbs;audSpec_Rfilt_sma[22]_peakMeanMeanDist;audSpec_Rfilt_sma[22]_peakMeanRel;audSpec_Rfilt_sma[22]_minRangeRel;audSpec_Rfilt_sma[22]_meanRisingSlope;audSpec_Rfilt_sma[22]_stddevRisingSlope;audSpec_Rfilt_sma[22]_meanFallingSlope;audSpec_Rfilt_sma[22]_stddevFallingSlope;audSpec_Rfilt_sma[22]_linregc1;audSpec_Rfilt_sma[22]_linregc2;audSpec_Rfilt_sma[22]_linregerrQ;audSpec_Rfilt_sma[22]_qregc1;audSpec_Rfilt_sma[22]_qregc2;audSpec_Rfilt_sma[22]_qregc3;audSpec_Rfilt_sma[22]_qregerrQ;audSpec_Rfilt_sma[22]_centroid;audSpec_Rfilt_sma[23]_amean;audSpec_Rfilt_sma[23]_flatness;audSpec_Rfilt_sma[23]_rqmean;audSpec_Rfilt_sma[23]_meanPeakDist;audSpec_Rfilt_sma[23]_peakDistStddev;audSpec_Rfilt_sma[23]_peakRangeAbs;audSpec_Rfilt_sma[23]_peakRangeRel;audSpec_Rfilt_sma[23]_peakMeanAbs;audSpec_Rfilt_sma[23]_peakMeanMeanDist;audSpec_Rfilt_sma[23]_peakMeanRel;audSpec_Rfilt_sma[23]_minRangeRel;audSpec_Rfilt_sma[23]_meanRisingSlope;audSpec_Rfilt_sma[23]_stddevRisingSlope;audSpec_Rfilt_sma[23]_meanFallingSlope;audSpec_Rfilt_sma[23]_stddevFallingSlope;audSpec_Rfilt_sma[23]_linregc1;audSpec_Rfilt_sma[23]_linregc2;audSpec_Rfilt_sma[23]_linregerrQ;audSpec_Rfilt_sma[23]_qregc1;audSpec_Rfilt_sma[23]_qregc2;audSpec_Rfilt_sma[23]_qregc3;audSpec_Rfilt_sma[23]_qregerrQ;audSpec_Rfilt_sma[23]_centroid;audSpec_Rfilt_sma[24]_amean;audSpec_Rfilt_sma[24]_flatness;audSpec_Rfilt_sma[24]_rqmean;audSpec_Rfilt_sma[24]_meanPeakDist;audSpec_Rfilt_sma[24]_peakDistStddev;audSpec_Rfilt_sma[24]_peakRangeAbs;audSpec_Rfilt_sma[24]_peakRangeRel;audSpec_Rfilt_sma[24]_peakMeanAbs;audSpec_Rfilt_sma[24]_peakMeanMeanDist;audSpec_Rfilt_sma[24]_peakMeanRel;audSpec_Rfilt_sma[24]_minRangeRel;audSpec_Rfilt_sma[24]_meanRisingSlope;audSpec_Rfilt_sma[24]_stddevRisingSlope;audSpec_Rfilt_sma[24]_meanFallingSlope;audSpec_Rfilt_sma[24]_stddevFallingSlope;audSpec_Rfilt_sma[24]_linregc1;audSpec_Rfilt_sma[24]_linregc2;audSpec_Rfilt_sma[24]_linregerrQ;audSpec_Rfilt_sma[24]_qregc1;audSpec_Rfilt_sma[24]_qregc2;audSpec_Rfilt_sma[24]_qregc3;audSpec_Rfilt_sma[24]_qregerrQ;audSpec_Rfilt_sma[24]_centroid;audSpec_Rfilt_sma[25]_amean;audSpec_Rfilt_sma[25]_flatness;audSpec_Rfilt_sma[25]_rqmean;audSpec_Rfilt_sma[25]_meanPeakDist;audSpec_Rfilt_sma[25]_peakDistStddev;audSpec_Rfilt_sma[25]_peakRangeAbs;audSpec_Rfilt_sma[25]_peakRangeRel;audSpec_Rfilt_sma[25]_peakMeanAbs;audSpec_Rfilt_sma[25]_peakMeanMeanDist;audSpec_Rfilt_sma[25]_peakMeanRel;audSpec_Rfilt_sma[25]_minRangeRel;audSpec_Rfilt_sma[25]_meanRisingSlope;audSpec_Rfilt_sma[25]_stddevRisingSlope;audSpec_Rfilt_sma[25]_meanFallingSlope;audSpec_Rfilt_sma[25]_stddevFallingSlope;audSpec_Rfilt_sma[25]_linregc1;audSpec_Rfilt_sma[25]_linregc2;audSpec_Rfilt_sma[25]_linregerrQ;audSpec_Rfilt_sma[25]_qregc1;audSpec_Rfilt_sma[25]_qregc2;audSpec_Rfilt_sma[25]_qregc3;audSpec_Rfilt_sma[25]_qregerrQ;audSpec_Rfilt_sma[25]_centroid;pcm_fftMag_fband250-650_sma_amean;pcm_fftMag_fband250-650_sma_flatness;pcm_fftMag_fband250-650_sma_rqmean;pcm_fftMag_fband250-650_sma_meanPeakDist;pcm_fftMag_fband250-650_sma_peakDistStddev;pcm_fftMag_fband250-650_sma_peakRangeAbs;pcm_fftMag_fband250-650_sma_peakRangeRel;pcm_fftMag_fband250-650_sma_peakMeanAbs;pcm_fftMag_fband250-650_sma_peakMeanMeanDist;pcm_fftMag_fband250-650_sma_peakMeanRel;pcm_fftMag_fband250-650_sma_minRangeRel;pcm_fftMag_fband250-650_sma_meanRisingSlope;pcm_fftMag_fband250-650_sma_stddevRisingSlope;pcm_fftMag_fband250-650_sma_meanFallingSlope;pcm_fftMag_fband250-650_sma_stddevFallingSlope;pcm_fftMag_fband250-650_sma_linregc1;pcm_fftMag_fband250-650_sma_linregc2;pcm_fftMag_fband250-650_sma_linregerrQ;pcm_fftMag_fband250-650_sma_qregc1;pcm_fftMag_fband250-650_sma_qregc2;pcm_fftMag_fband250-650_sma_qregc3;pcm_fftMag_fband250-650_sma_qregerrQ;pcm_fftMag_fband250-650_sma_centroid;pcm_fftMag_fband1000-4000_sma_amean;pcm_fftMag_fband1000-4000_sma_flatness;pcm_fftMag_fband1000-4000_sma_rqmean;pcm_fftMag_fband1000-4000_sma_meanPeakDist;pcm_fftMag_fband1000-4000_sma_peakDistStddev;pcm_fftMag_fband1000-4000_sma_peakRangeAbs;pcm_fftMag_fband1000-4000_sma_peakRangeRel;pcm_fftMag_fband1000-4000_sma_peakMeanAbs;pcm_fftMag_fband1000-4000_sma_peakMeanMeanDist;pcm_fftMag_fband1000-4000_sma_peakMeanRel;pcm_fftMag_fband1000-4000_sma_minRangeRel;pcm_fftMag_fband1000-4000_sma_meanRisingSlope;pcm_fftMag_fband1000-4000_sma_stddevRisingSlope;pcm_fftMag_fband1000-4000_sma_meanFallingSlope;pcm_fftMag_fband1000-4000_sma_stddevFallingSlope;pcm_fftMag_fband1000-4000_sma_linregc1;pcm_fftMag_fband1000-4000_sma_linregc2;pcm_fftMag_fband1000-4000_sma_linregerrQ;pcm_fftMag_fband1000-4000_sma_qregc1;pcm_fftMag_fband1000-4000_sma_qregc2;pcm_fftMag_fband1000-4000_sma_qregc3;pcm_fftMag_fband1000-4000_sma_qregerrQ;pcm_fftMag_fband1000-4000_sma_centroid;pcm_fftMag_spectralRollOff25.0_sma_amean;pcm_fftMag_spectralRollOff25.0_sma_flatness;pcm_fftMag_spectralRollOff25.0_sma_rqmean;pcm_fftMag_spectralRollOff25.0_sma_meanPeakDist;pcm_fftMag_spectralRollOff25.0_sma_peakDistStddev;pcm_fftMag_spectralRollOff25.0_sma_peakRangeAbs;pcm_fftMag_spectralRollOff25.0_sma_peakRangeRel;pcm_fftMag_spectralRollOff25.0_sma_peakMeanAbs;pcm_fftMag_spectralRollOff25.0_sma_peakMeanMeanDist;pcm_fftMag_spectralRollOff25.0_sma_peakMeanRel;pcm_fftMag_spectralRollOff25.0_sma_minRangeRel;pcm_fftMag_spectralRollOff25.0_sma_meanRisingSlope;pcm_fftMag_spectralRollOff25.0_sma_stddevRisingSlope;pcm_fftMag_spectralRollOff25.0_sma_meanFallingSlope;pcm_fftMag_spectralRollOff25.0_sma_stddevFallingSlope;pcm_fftMag_spectralRollOff25.0_sma_linregc1;pcm_fftMag_spectralRollOff25.0_sma_linregc2;pcm_fftMag_spectralRollOff25.0_sma_linregerrQ;pcm_fftMag_spectralRollOff25.0_sma_qregc1;pcm_fftMag_spectralRollOff25.0_sma_qregc2;pcm_fftMag_spectralRollOff25.0_sma_qregc3;pcm_fftMag_spectralRollOff25.0_sma_qregerrQ;pcm_fftMag_spectralRollOff25.0_sma_centroid;pcm_fftMag_spectralRollOff50.0_sma_amean;pcm_fftMag_spectralRollOff50.0_sma_flatness;pcm_fftMag_spectralRollOff50.0_sma_rqmean;pcm_fftMag_spectralRollOff50.0_sma_meanPeakDist;pcm_fftMag_spectralRollOff50.0_sma_peakDistStddev;pcm_fftMag_spectralRollOff50.0_sma_peakRangeAbs;pcm_fftMag_spectralRollOff50.0_sma_peakRangeRel;pcm_fftMag_spectralRollOff50.0_sma_peakMeanAbs;pcm_fftMag_spectralRollOff50.0_sma_peakMeanMeanDist;pcm_fftMag_spectralRollOff50.0_sma_peakMeanRel;pcm_fftMag_spectralRollOff50.0_sma_minRangeRel;pcm_fftMag_spectralRollOff50.0_sma_meanRisingSlope;pcm_fftMag_spectralRollOff50.0_sma_stddevRisingSlope;pcm_fftMag_spectralRollOff50.0_sma_meanFallingSlope;pcm_fftMag_spectralRollOff50.0_sma_stddevFallingSlope;pcm_fftMag_spectralRollOff50.0_sma_linregc1;pcm_fftMag_spectralRollOff50.0_sma_linregc2;pcm_fftMag_spectralRollOff50.0_sma_linregerrQ;pcm_fftMag_spectralRollOff50.0_sma_qregc1;pcm_fftMag_spectralRollOff50.0_sma_qregc2;pcm_fftMag_spectralRollOff50.0_sma_qregc3;pcm_fftMag_spectralRollOff50.0_sma_qregerrQ;pcm_fftMag_spectralRollOff50.0_sma_centroid;pcm_fftMag_spectralRollOff75.0_sma_amean;pcm_fftMag_spectralRollOff75.0_sma_flatness;pcm_fftMag_spectralRollOff75.0_sma_rqmean;pcm_fftMag_spectralRollOff75.0_sma_meanPeakDist;pcm_fftMag_spectralRollOff75.0_sma_peakDistStddev;pcm_fftMag_spectralRollOff75.0_sma_peakRangeAbs;pcm_fftMag_spectralRollOff75.0_sma_peakRangeRel;pcm_fftMag_spectralRollOff75.0_sma_peakMeanAbs;pcm_fftMag_spectralRollOff75.0_sma_peakMeanMeanDist;pcm_fftMag_spectralRollOff75.0_sma_peakMeanRel;pcm_fftMag_spectralRollOff75.0_sma_minRangeRel;pcm_fftMag_spectralRollOff75.0_sma_meanRisingSlope;pcm_fftMag_spectralRollOff75.0_sma_stddevRisingSlope;pcm_fftMag_spectralRollOff75.0_sma_meanFallingSlope;pcm_fftMag_spectralRollOff75.0_sma_stddevFallingSlope;pcm_fftMag_spectralRollOff75.0_sma_linregc1;pcm_fftMag_spectralRollOff75.0_sma_linregc2;pcm_fftMag_spectralRollOff75.0_sma_linregerrQ;pcm_fftMag_spectralRollOff75.0_sma_qregc1;pcm_fftMag_spectralRollOff75.0_sma_qregc2;pcm_fftMag_spectralRollOff75.0_sma_qregc3;pcm_fftMag_spectralRollOff75.0_sma_qregerrQ;pcm_fftMag_spectralRollOff75.0_sma_centroid;pcm_fftMag_spectralRollOff90.0_sma_amean;pcm_fftMag_spectralRollOff90.0_sma_flatness;pcm_fftMag_spectralRollOff90.0_sma_rqmean;pcm_fftMag_spectralRollOff90.0_sma_meanPeakDist;pcm_fftMag_spectralRollOff90.0_sma_peakDistStddev;pcm_fftMag_spectralRollOff90.0_sma_peakRangeAbs;pcm_fftMag_spectralRollOff90.0_sma_peakRangeRel;pcm_fftMag_spectralRollOff90.0_sma_peakMeanAbs;pcm_fftMag_spectralRollOff90.0_sma_peakMeanMeanDist;pcm_fftMag_spectralRollOff90.0_sma_peakMeanRel;pcm_fftMag_spectralRollOff90.0_sma_minRangeRel;pcm_fftMag_spectralRollOff90.0_sma_meanRisingSlope;pcm_fftMag_spectralRollOff90.0_sma_stddevRisingSlope;pcm_fftMag_spectralRollOff90.0_sma_meanFallingSlope;pcm_fftMag_spectralRollOff90.0_sma_stddevFallingSlope;pcm_fftMag_spectralRollOff90.0_sma_linregc1;pcm_fftMag_spectralRollOff90.0_sma_linregc2;pcm_fftMag_spectralRollOff90.0_sma_linregerrQ;pcm_fftMag_spectralRollOff90.0_sma_qregc1;pcm_fftMag_spectralRollOff90.0_sma_qregc2;pcm_fftMag_spectralRollOff90.0_sma_qregc3;pcm_fftMag_spectralRollOff90.0_sma_qregerrQ;pcm_fftMag_spectralRollOff90.0_sma_centroid;pcm_fftMag_spectralFlux_sma_amean;pcm_fftMag_spectralFlux_sma_flatness;pcm_fftMag_spectralFlux_sma_rqmean;pcm_fftMag_spectralFlux_sma_meanPeakDist;pcm_fftMag_spectralFlux_sma_peakDistStddev;pcm_fftMag_spectralFlux_sma_peakRangeAbs;pcm_fftMag_spectralFlux_sma_peakRangeRel;pcm_fftMag_spectralFlux_sma_peakMeanAbs;pcm_fftMag_spectralFlux_sma_peakMeanMeanDist;pcm_fftMag_spectralFlux_sma_peakMeanRel;pcm_fftMag_spectralFlux_sma_minRangeRel;pcm_fftMag_spectralFlux_sma_meanRisingSlope;pcm_fftMag_spectralFlux_sma_stddevRisingSlope;pcm_fftMag_spectralFlux_sma_meanFallingSlope;pcm_fftMag_spectralFlux_sma_stddevFallingSlope;pcm_fftMag_spectralFlux_sma_linregc1;pcm_fftMag_spectralFlux_sma_linregc2;pcm_fftMag_spectralFlux_sma_linregerrQ;pcm_fftMag_spectralFlux_sma_qregc1;pcm_fftMag_spectralFlux_sma_qregc2;pcm_fftMag_spectralFlux_sma_qregc3;pcm_fftMag_spectralFlux_sma_qregerrQ;pcm_fftMag_spectralFlux_sma_centroid;pcm_fftMag_spectralCentroid_sma_amean;pcm_fftMag_spectralCentroid_sma_flatness;pcm_fftMag_spectralCentroid_sma_rqmean;pcm_fftMag_spectralCentroid_sma_meanPeakDist;pcm_fftMag_spectralCentroid_sma_peakDistStddev;pcm_fftMag_spectralCentroid_sma_peakRangeAbs;pcm_fftMag_spectralCentroid_sma_peakRangeRel;pcm_fftMag_spectralCentroid_sma_peakMeanAbs;pcm_fftMag_spectralCentroid_sma_peakMeanMeanDist;pcm_fftMag_spectralCentroid_sma_peakMeanRel;pcm_fftMag_spectralCentroid_sma_minRangeRel;pcm_fftMag_spectralCentroid_sma_meanRisingSlope;pcm_fftMag_spectralCentroid_sma_stddevRisingSlope;pcm_fftMag_spectralCentroid_sma_meanFallingSlope;pcm_fftMag_spectralCentroid_sma_stddevFallingSlope;pcm_fftMag_spectralCentroid_sma_linregc1;pcm_fftMag_spectralCentroid_sma_linregc2;pcm_fftMag_spectralCentroid_sma_linregerrQ;pcm_fftMag_spectralCentroid_sma_qregc1;pcm_fftMag_spectralCentroid_sma_qregc2;pcm_fftMag_spectralCentroid_sma_qregc3;pcm_fftMag_spectralCentroid_sma_qregerrQ;pcm_fftMag_spectralCentroid_sma_centroid;pcm_fftMag_spectralEntropy_sma_amean;pcm_fftMag_spectralEntropy_sma_flatness;pcm_fftMag_spectralEntropy_sma_rqmean;pcm_fftMag_spectralEntropy_sma_meanPeakDist;pcm_fftMag_spectralEntropy_sma_peakDistStddev;pcm_fftMag_spectralEntropy_sma_peakRangeAbs;pcm_fftMag_spectralEntropy_sma_peakRangeRel;pcm_fftMag_spectralEntropy_sma_peakMeanAbs;pcm_fftMag_spectralEntropy_sma_peakMeanMeanDist;pcm_fftMag_spectralEntropy_sma_peakMeanRel;pcm_fftMag_spectralEntropy_sma_minRangeRel;pcm_fftMag_spectralEntropy_sma_meanRisingSlope;pcm_fftMag_spectralEntropy_sma_stddevRisingSlope;pcm_fftMag_spectralEntropy_sma_meanFallingSlope;pcm_fftMag_spectralEntropy_sma_stddevFallingSlope;pcm_fftMag_spectralEntropy_sma_linregc1;pcm_fftMag_spectralEntropy_sma_linregc2;pcm_fftMag_spectralEntropy_sma_linregerrQ;pcm_fftMag_spectralEntropy_sma_qregc1;pcm_fftMag_spectralEntropy_sma_qregc2;pcm_fftMag_spectralEntropy_sma_qregc3;pcm_fftMag_spectralEntropy_sma_qregerrQ;pcm_fftMag_spectralEntropy_sma_centroid;pcm_fftMag_spectralVariance_sma_amean;pcm_fftMag_spectralVariance_sma_flatness;pcm_fftMag_spectralVariance_sma_rqmean;pcm_fftMag_spectralVariance_sma_meanPeakDist;pcm_fftMag_spectralVariance_sma_peakDistStddev;pcm_fftMag_spectralVariance_sma_peakRangeAbs;pcm_fftMag_spectralVariance_sma_peakRangeRel;pcm_fftMag_spectralVariance_sma_peakMeanAbs;pcm_fftMag_spectralVariance_sma_peakMeanMeanDist;pcm_fftMag_spectralVariance_sma_peakMeanRel;pcm_fftMag_spectralVariance_sma_minRangeRel;pcm_fftMag_spectralVariance_sma_meanRisingSlope;pcm_fftMag_spectralVariance_sma_stddevRisingSlope;pcm_fftMag_spectralVariance_sma_meanFallingSlope;pcm_fftMag_spectralVariance_sma_stddevFallingSlope;pcm_fftMag_spectralVariance_sma_linregc1;pcm_fftMag_spectralVariance_sma_linregc2;pcm_fftMag_spectralVariance_sma_linregerrQ;pcm_fftMag_spectralVariance_sma_qregc1;pcm_fftMag_spectralVariance_sma_qregc2;pcm_fftMag_spectralVariance_sma_qregc3;pcm_fftMag_spectralVariance_sma_qregerrQ;pcm_fftMag_spectralVariance_sma_centroid;pcm_fftMag_spectralSkewness_sma_amean;pcm_fftMag_spectralSkewness_sma_flatness;pcm_fftMag_spectralSkewness_sma_rqmean;pcm_fftMag_spectralSkewness_sma_meanPeakDist;pcm_fftMag_spectralSkewness_sma_peakDistStddev;pcm_fftMag_spectralSkewness_sma_peakRangeAbs;pcm_fftMag_spectralSkewness_sma_peakRangeRel;pcm_fftMag_spectralSkewness_sma_peakMeanAbs;pcm_fftMag_spectralSkewness_sma_peakMeanMeanDist;pcm_fftMag_spectralSkewness_sma_peakMeanRel;pcm_fftMag_spectralSkewness_sma_minRangeRel;pcm_fftMag_spectralSkewness_sma_meanRisingSlope;pcm_fftMag_spectralSkewness_sma_stddevRisingSlope;pcm_fftMag_spectralSkewness_sma_meanFallingSlope;pcm_fftMag_spectralSkewness_sma_stddevFallingSlope;pcm_fftMag_spectralSkewness_sma_linregc1;pcm_fftMag_spectralSkewness_sma_linregc2;pcm_fftMag_spectralSkewness_sma_linregerrQ;pcm_fftMag_spectralSkewness_sma_qregc1;pcm_fftMag_spectralSkewness_sma_qregc2;pcm_fftMag_spectralSkewness_sma_qregc3;pcm_fftMag_spectralSkewness_sma_qregerrQ;pcm_fftMag_spectralSkewness_sma_centroid;pcm_fftMag_spectralKurtosis_sma_amean;pcm_fftMag_spectralKurtosis_sma_flatness;pcm_fftMag_spectralKurtosis_sma_rqmean;pcm_fftMag_spectralKurtosis_sma_meanPeakDist;pcm_fftMag_spectralKurtosis_sma_peakDistStddev;pcm_fftMag_spectralKurtosis_sma_peakRangeAbs;pcm_fftMag_spectralKurtosis_sma_peakRangeRel;pcm_fftMag_spectralKurtosis_sma_peakMeanAbs;pcm_fftMag_spectralKurtosis_sma_peakMeanMeanDist;pcm_fftMag_spectralKurtosis_sma_peakMeanRel;pcm_fftMag_spectralKurtosis_sma_minRangeRel;pcm_fftMag_spectralKurtosis_sma_meanRisingSlope;pcm_fftMag_spectralKurtosis_sma_stddevRisingSlope;pcm_fftMag_spectralKurtosis_sma_meanFallingSlope;pcm_fftMag_spectralKurtosis_sma_stddevFallingSlope;pcm_fftMag_spectralKurtosis_sma_linregc1;pcm_fftMag_spectralKurtosis_sma_linregc2;pcm_fftMag_spectralKurtosis_sma_linregerrQ;pcm_fftMag_spectralKurtosis_sma_qregc1;pcm_fftMag_spectralKurtosis_sma_qregc2;pcm_fftMag_spectralKurtosis_sma_qregc3;pcm_fftMag_spectralKurtosis_sma_qregerrQ;pcm_fftMag_spectralKurtosis_sma_centroid;pcm_fftMag_spectralSlope_sma_amean;pcm_fftMag_spectralSlope_sma_flatness;pcm_fftMag_spectralSlope_sma_rqmean;pcm_fftMag_spectralSlope_sma_meanPeakDist;pcm_fftMag_spectralSlope_sma_peakDistStddev;pcm_fftMag_spectralSlope_sma_peakRangeAbs;pcm_fftMag_spectralSlope_sma_peakRangeRel;pcm_fftMag_spectralSlope_sma_peakMeanAbs;pcm_fftMag_spectralSlope_sma_peakMeanMeanDist;pcm_fftMag_spectralSlope_sma_peakMeanRel;pcm_fftMag_spectralSlope_sma_minRangeRel;pcm_fftMag_spectralSlope_sma_meanRisingSlope;pcm_fftMag_spectralSlope_sma_stddevRisingSlope;pcm_fftMag_spectralSlope_sma_meanFallingSlope;pcm_fftMag_spectralSlope_sma_stddevFallingSlope;pcm_fftMag_spectralSlope_sma_linregc1;pcm_fftMag_spectralSlope_sma_linregc2;pcm_fftMag_spectralSlope_sma_linregerrQ;pcm_fftMag_spectralSlope_sma_qregc1;pcm_fftMag_spectralSlope_sma_qregc2;pcm_fftMag_spectralSlope_sma_qregc3;pcm_fftMag_spectralSlope_sma_qregerrQ;pcm_fftMag_spectralSlope_sma_centroid;pcm_fftMag_psySharpness_sma_amean;pcm_fftMag_psySharpness_sma_flatness;pcm_fftMag_psySharpness_sma_rqmean;pcm_fftMag_psySharpness_sma_meanPeakDist;pcm_fftMag_psySharpness_sma_peakDistStddev;pcm_fftMag_psySharpness_sma_peakRangeAbs;pcm_fftMag_psySharpness_sma_peakRangeRel;pcm_fftMag_psySharpness_sma_peakMeanAbs;pcm_fftMag_psySharpness_sma_peakMeanMeanDist;pcm_fftMag_psySharpness_sma_peakMeanRel;pcm_fftMag_psySharpness_sma_minRangeRel;pcm_fftMag_psySharpness_sma_meanRisingSlope;pcm_fftMag_psySharpness_sma_stddevRisingSlope;pcm_fftMag_psySharpness_sma_meanFallingSlope;pcm_fftMag_psySharpness_sma_stddevFallingSlope;pcm_fftMag_psySharpness_sma_linregc1;pcm_fftMag_psySharpness_sma_linregc2;pcm_fftMag_psySharpness_sma_linregerrQ;pcm_fftMag_psySharpness_sma_qregc1;pcm_fftMag_psySharpness_sma_qregc2;pcm_fftMag_psySharpness_sma_qregc3;pcm_fftMag_psySharpness_sma_qregerrQ;pcm_fftMag_psySharpness_sma_centroid;pcm_fftMag_spectralHarmonicity_sma_amean;pcm_fftMag_spectralHarmonicity_sma_flatness;pcm_fftMag_spectralHarmonicity_sma_rqmean;pcm_fftMag_spectralHarmonicity_sma_meanPeakDist;pcm_fftMag_spectralHarmonicity_sma_peakDistStddev;pcm_fftMag_spectralHarmonicity_sma_peakRangeAbs;pcm_fftMag_spectralHarmonicity_sma_peakRangeRel;pcm_fftMag_spectralHarmonicity_sma_peakMeanAbs;pcm_fftMag_spectralHarmonicity_sma_peakMeanMeanDist;pcm_fftMag_spectralHarmonicity_sma_peakMeanRel;pcm_fftMag_spectralHarmonicity_sma_minRangeRel;pcm_fftMag_spectralHarmonicity_sma_meanRisingSlope;pcm_fftMag_spectralHarmonicity_sma_stddevRisingSlope;pcm_fftMag_spectralHarmonicity_sma_meanFallingSlope;pcm_fftMag_spectralHarmonicity_sma_stddevFallingSlope;pcm_fftMag_spectralHarmonicity_sma_linregc1;pcm_fftMag_spectralHarmonicity_sma_linregc2;pcm_fftMag_spectralHarmonicity_sma_linregerrQ;pcm_fftMag_spectralHarmonicity_sma_qregc1;pcm_fftMag_spectralHarmonicity_sma_qregc2;pcm_fftMag_spectralHarmonicity_sma_qregc3;pcm_fftMag_spectralHarmonicity_sma_qregerrQ;pcm_fftMag_spectralHarmonicity_sma_centroid;mfcc_sma[1]_amean;mfcc_sma[1]_flatness;mfcc_sma[1]_rqmean;mfcc_sma[1]_meanPeakDist;mfcc_sma[1]_peakDistStddev;mfcc_sma[1]_peakRangeAbs;mfcc_sma[1]_peakRangeRel;mfcc_sma[1]_peakMeanAbs;mfcc_sma[1]_peakMeanMeanDist;mfcc_sma[1]_peakMeanRel;mfcc_sma[1]_minRangeRel;mfcc_sma[1]_meanRisingSlope;mfcc_sma[1]_stddevRisingSlope;mfcc_sma[1]_meanFallingSlope;mfcc_sma[1]_stddevFallingSlope;mfcc_sma[1]_linregc1;mfcc_sma[1]_linregc2;mfcc_sma[1]_linregerrQ;mfcc_sma[1]_qregc1;mfcc_sma[1]_qregc2;mfcc_sma[1]_qregc3;mfcc_sma[1]_qregerrQ;mfcc_sma[1]_centroid;mfcc_sma[2]_amean;mfcc_sma[2]_flatness;mfcc_sma[2]_rqmean;mfcc_sma[2]_meanPeakDist;mfcc_sma[2]_peakDistStddev;mfcc_sma[2]_peakRangeAbs;mfcc_sma[2]_peakRangeRel;mfcc_sma[2]_peakMeanAbs;mfcc_sma[2]_peakMeanMeanDist;mfcc_sma[2]_peakMeanRel;mfcc_sma[2]_minRangeRel;mfcc_sma[2]_meanRisingSlope;mfcc_sma[2]_stddevRisingSlope;mfcc_sma[2]_meanFallingSlope;mfcc_sma[2]_stddevFallingSlope;mfcc_sma[2]_linregc1;mfcc_sma[2]_linregc2;mfcc_sma[2]_linregerrQ;mfcc_sma[2]_qregc1;mfcc_sma[2]_qregc2;mfcc_sma[2]_qregc3;mfcc_sma[2]_qregerrQ;mfcc_sma[2]_centroid;mfcc_sma[3]_amean;mfcc_sma[3]_flatness;mfcc_sma[3]_rqmean;mfcc_sma[3]_meanPeakDist;mfcc_sma[3]_peakDistStddev;mfcc_sma[3]_peakRangeAbs;mfcc_sma[3]_peakRangeRel;mfcc_sma[3]_peakMeanAbs;mfcc_sma[3]_peakMeanMeanDist;mfcc_sma[3]_peakMeanRel;mfcc_sma[3]_minRangeRel;mfcc_sma[3]_meanRisingSlope;mfcc_sma[3]_stddevRisingSlope;mfcc_sma[3]_meanFallingSlope;mfcc_sma[3]_stddevFallingSlope;mfcc_sma[3]_linregc1;mfcc_sma[3]_linregc2;mfcc_sma[3]_linregerrQ;mfcc_sma[3]_qregc1;mfcc_sma[3]_qregc2;mfcc_sma[3]_qregc3;mfcc_sma[3]_qregerrQ;mfcc_sma[3]_centroid;mfcc_sma[4]_amean;mfcc_sma[4]_flatness;mfcc_sma[4]_rqmean;mfcc_sma[4]_meanPeakDist;mfcc_sma[4]_peakDistStddev;mfcc_sma[4]_peakRangeAbs;mfcc_sma[4]_peakRangeRel;mfcc_sma[4]_peakMeanAbs;mfcc_sma[4]_peakMeanMeanDist;mfcc_sma[4]_peakMeanRel;mfcc_sma[4]_minRangeRel;mfcc_sma[4]_meanRisingSlope;mfcc_sma[4]_stddevRisingSlope;mfcc_sma[4]_meanFallingSlope;mfcc_sma[4]_stddevFallingSlope;mfcc_sma[4]_linregc1;mfcc_sma[4]_linregc2;mfcc_sma[4]_linregerrQ;mfcc_sma[4]_qregc1;mfcc_sma[4]_qregc2;mfcc_sma[4]_qregc3;mfcc_sma[4]_qregerrQ;mfcc_sma[4]_centroid;mfcc_sma[5]_amean;mfcc_sma[5]_flatness;mfcc_sma[5]_rqmean;mfcc_sma[5]_meanPeakDist;mfcc_sma[5]_peakDistStddev;mfcc_sma[5]_peakRangeAbs;mfcc_sma[5]_peakRangeRel;mfcc_sma[5]_peakMeanAbs;mfcc_sma[5]_peakMeanMeanDist;mfcc_sma[5]_peakMeanRel;mfcc_sma[5]_minRangeRel;mfcc_sma[5]_meanRisingSlope;mfcc_sma[5]_stddevRisingSlope;mfcc_sma[5]_meanFallingSlope;mfcc_sma[5]_stddevFallingSlope;mfcc_sma[5]_linregc1;mfcc_sma[5]_linregc2;mfcc_sma[5]_linregerrQ;mfcc_sma[5]_qregc1;mfcc_sma[5]_qregc2;mfcc_sma[5]_qregc3;mfcc_sma[5]_qregerrQ;mfcc_sma[5]_centroid;mfcc_sma[6]_amean;mfcc_sma[6]_flatness;mfcc_sma[6]_rqmean;mfcc_sma[6]_meanPeakDist;mfcc_sma[6]_peakDistStddev;mfcc_sma[6]_peakRangeAbs;mfcc_sma[6]_peakRangeRel;mfcc_sma[6]_peakMeanAbs;mfcc_sma[6]_peakMeanMeanDist;mfcc_sma[6]_peakMeanRel;mfcc_sma[6]_minRangeRel;mfcc_sma[6]_meanRisingSlope;mfcc_sma[6]_stddevRisingSlope;mfcc_sma[6]_meanFallingSlope;mfcc_sma[6]_stddevFallingSlope;mfcc_sma[6]_linregc1;mfcc_sma[6]_linregc2;mfcc_sma[6]_linregerrQ;mfcc_sma[6]_qregc1;mfcc_sma[6]_qregc2;mfcc_sma[6]_qregc3;mfcc_sma[6]_qregerrQ;mfcc_sma[6]_centroid;mfcc_sma[7]_amean;mfcc_sma[7]_flatness;mfcc_sma[7]_rqmean;mfcc_sma[7]_meanPeakDist;mfcc_sma[7]_peakDistStddev;mfcc_sma[7]_peakRangeAbs;mfcc_sma[7]_peakRangeRel;mfcc_sma[7]_peakMeanAbs;mfcc_sma[7]_peakMeanMeanDist;mfcc_sma[7]_peakMeanRel;mfcc_sma[7]_minRangeRel;mfcc_sma[7]_meanRisingSlope;mfcc_sma[7]_stddevRisingSlope;mfcc_sma[7]_meanFallingSlope;mfcc_sma[7]_stddevFallingSlope;mfcc_sma[7]_linregc1;mfcc_sma[7]_linregc2;mfcc_sma[7]_linregerrQ;mfcc_sma[7]_qregc1;mfcc_sma[7]_qregc2;mfcc_sma[7]_qregc3;mfcc_sma[7]_qregerrQ;mfcc_sma[7]_centroid;mfcc_sma[8]_amean;mfcc_sma[8]_flatness;mfcc_sma[8]_rqmean;mfcc_sma[8]_meanPeakDist;mfcc_sma[8]_peakDistStddev;mfcc_sma[8]_peakRangeAbs;mfcc_sma[8]_peakRangeRel;mfcc_sma[8]_peakMeanAbs;mfcc_sma[8]_peakMeanMeanDist;mfcc_sma[8]_peakMeanRel;mfcc_sma[8]_minRangeRel;mfcc_sma[8]_meanRisingSlope;mfcc_sma[8]_stddevRisingSlope;mfcc_sma[8]_meanFallingSlope;mfcc_sma[8]_stddevFallingSlope;mfcc_sma[8]_linregc1;mfcc_sma[8]_linregc2;mfcc_sma[8]_linregerrQ;mfcc_sma[8]_qregc1;mfcc_sma[8]_qregc2;mfcc_sma[8]_qregc3;mfcc_sma[8]_qregerrQ;mfcc_sma[8]_centroid;mfcc_sma[9]_amean;mfcc_sma[9]_flatness;mfcc_sma[9]_rqmean;mfcc_sma[9]_meanPeakDist;mfcc_sma[9]_peakDistStddev;mfcc_sma[9]_peakRangeAbs;mfcc_sma[9]_peakRangeRel;mfcc_sma[9]_peakMeanAbs;mfcc_sma[9]_peakMeanMeanDist;mfcc_sma[9]_peakMeanRel;mfcc_sma[9]_minRangeRel;mfcc_sma[9]_meanRisingSlope;mfcc_sma[9]_stddevRisingSlope;mfcc_sma[9]_meanFallingSlope;mfcc_sma[9]_stddevFallingSlope;mfcc_sma[9]_linregc1;mfcc_sma[9]_linregc2;mfcc_sma[9]_linregerrQ;mfcc_sma[9]_qregc1;mfcc_sma[9]_qregc2;mfcc_sma[9]_qregc3;mfcc_sma[9]_qregerrQ;mfcc_sma[9]_centroid;mfcc_sma[10]_amean;mfcc_sma[10]_flatness;mfcc_sma[10]_rqmean;mfcc_sma[10]_meanPeakDist;mfcc_sma[10]_peakDistStddev;mfcc_sma[10]_peakRangeAbs;mfcc_sma[10]_peakRangeRel;mfcc_sma[10]_peakMeanAbs;mfcc_sma[10]_peakMeanMeanDist;mfcc_sma[10]_peakMeanRel;mfcc_sma[10]_minRangeRel;mfcc_sma[10]_meanRisingSlope;mfcc_sma[10]_stddevRisingSlope;mfcc_sma[10]_meanFallingSlope;mfcc_sma[10]_stddevFallingSlope;mfcc_sma[10]_linregc1;mfcc_sma[10]_linregc2;mfcc_sma[10]_linregerrQ;mfcc_sma[10]_qregc1;mfcc_sma[10]_qregc2;mfcc_sma[10]_qregc3;mfcc_sma[10]_qregerrQ;mfcc_sma[10]_centroid;mfcc_sma[11]_amean;mfcc_sma[11]_flatness;mfcc_sma[11]_rqmean;mfcc_sma[11]_meanPeakDist;mfcc_sma[11]_peakDistStddev;mfcc_sma[11]_peakRangeAbs;mfcc_sma[11]_peakRangeRel;mfcc_sma[11]_peakMeanAbs;mfcc_sma[11]_peakMeanMeanDist;mfcc_sma[11]_peakMeanRel;mfcc_sma[11]_minRangeRel;mfcc_sma[11]_meanRisingSlope;mfcc_sma[11]_stddevRisingSlope;mfcc_sma[11]_meanFallingSlope;mfcc_sma[11]_stddevFallingSlope;mfcc_sma[11]_linregc1;mfcc_sma[11]_linregc2;mfcc_sma[11]_linregerrQ;mfcc_sma[11]_qregc1;mfcc_sma[11]_qregc2;mfcc_sma[11]_qregc3;mfcc_sma[11]_qregerrQ;mfcc_sma[11]_centroid;mfcc_sma[12]_amean;mfcc_sma[12]_flatness;mfcc_sma[12]_rqmean;mfcc_sma[12]_meanPeakDist;mfcc_sma[12]_peakDistStddev;mfcc_sma[12]_peakRangeAbs;mfcc_sma[12]_peakRangeRel;mfcc_sma[12]_peakMeanAbs;mfcc_sma[12]_peakMeanMeanDist;mfcc_sma[12]_peakMeanRel;mfcc_sma[12]_minRangeRel;mfcc_sma[12]_meanRisingSlope;mfcc_sma[12]_stddevRisingSlope;mfcc_sma[12]_meanFallingSlope;mfcc_sma[12]_stddevFallingSlope;mfcc_sma[12]_linregc1;mfcc_sma[12]_linregc2;mfcc_sma[12]_linregerrQ;mfcc_sma[12]_qregc1;mfcc_sma[12]_qregc2;mfcc_sma[12]_qregc3;mfcc_sma[12]_qregerrQ;mfcc_sma[12]_centroid;mfcc_sma[13]_amean;mfcc_sma[13]_flatness;mfcc_sma[13]_rqmean;mfcc_sma[13]_meanPeakDist;mfcc_sma[13]_peakDistStddev;mfcc_sma[13]_peakRangeAbs;mfcc_sma[13]_peakRangeRel;mfcc_sma[13]_peakMeanAbs;mfcc_sma[13]_peakMeanMeanDist;mfcc_sma[13]_peakMeanRel;mfcc_sma[13]_minRangeRel;mfcc_sma[13]_meanRisingSlope;mfcc_sma[13]_stddevRisingSlope;mfcc_sma[13]_meanFallingSlope;mfcc_sma[13]_stddevFallingSlope;mfcc_sma[13]_linregc1;mfcc_sma[13]_linregc2;mfcc_sma[13]_linregerrQ;mfcc_sma[13]_qregc1;mfcc_sma[13]_qregc2;mfcc_sma[13]_qregc3;mfcc_sma[13]_qregerrQ;mfcc_sma[13]_centroid;mfcc_sma[14]_amean;mfcc_sma[14]_flatness;mfcc_sma[14]_rqmean;mfcc_sma[14]_meanPeakDist;mfcc_sma[14]_peakDistStddev;mfcc_sma[14]_peakRangeAbs;mfcc_sma[14]_peakRangeRel;mfcc_sma[14]_peakMeanAbs;mfcc_sma[14]_peakMeanMeanDist;mfcc_sma[14]_peakMeanRel;mfcc_sma[14]_minRangeRel;mfcc_sma[14]_meanRisingSlope;mfcc_sma[14]_stddevRisingSlope;mfcc_sma[14]_meanFallingSlope;mfcc_sma[14]_stddevFallingSlope;mfcc_sma[14]_linregc1;mfcc_sma[14]_linregc2;mfcc_sma[14]_linregerrQ;mfcc_sma[14]_qregc1;mfcc_sma[14]_qregc2;mfcc_sma[14]_qregc3;mfcc_sma[14]_qregerrQ;mfcc_sma[14]_centroid;audspec_lengthL1norm_sma_de_flatness;audspec_lengthL1norm_sma_de_posamean;audspec_lengthL1norm_sma_de_rqmean;audspec_lengthL1norm_sma_de_meanPeakDist;audspec_lengthL1norm_sma_de_peakDistStddev;audspec_lengthL1norm_sma_de_peakRangeAbs;audspec_lengthL1norm_sma_de_peakRangeRel;audspec_lengthL1norm_sma_de_peakMeanAbs;audspec_lengthL1norm_sma_de_peakMeanMeanDist;audspec_lengthL1norm_sma_de_peakMeanRel;audspec_lengthL1norm_sma_de_minRangeRel;audspec_lengthL1norm_sma_de_meanRisingSlope;audspec_lengthL1norm_sma_de_stddevRisingSlope;audspec_lengthL1norm_sma_de_meanFallingSlope;audspec_lengthL1norm_sma_de_stddevFallingSlope;audspecRasta_lengthL1norm_sma_de_flatness;audspecRasta_lengthL1norm_sma_de_posamean;audspecRasta_lengthL1norm_sma_de_rqmean;audspecRasta_lengthL1norm_sma_de_meanPeakDist;audspecRasta_lengthL1norm_sma_de_peakDistStddev;audspecRasta_lengthL1norm_sma_de_peakRangeAbs;audspecRasta_lengthL1norm_sma_de_peakRangeRel;audspecRasta_lengthL1norm_sma_de_peakMeanAbs;audspecRasta_lengthL1norm_sma_de_peakMeanMeanDist;audspecRasta_lengthL1norm_sma_de_peakMeanRel;audspecRasta_lengthL1norm_sma_de_minRangeRel;audspecRasta_lengthL1norm_sma_de_meanRisingSlope;audspecRasta_lengthL1norm_sma_de_stddevRisingSlope;audspecRasta_lengthL1norm_sma_de_meanFallingSlope;audspecRasta_lengthL1norm_sma_de_stddevFallingSlope;pcm_RMSenergy_sma_de_flatness;pcm_RMSenergy_sma_de_posamean;pcm_RMSenergy_sma_de_rqmean;pcm_RMSenergy_sma_de_meanPeakDist;pcm_RMSenergy_sma_de_peakDistStddev;pcm_RMSenergy_sma_de_peakRangeAbs;pcm_RMSenergy_sma_de_peakRangeRel;pcm_RMSenergy_sma_de_peakMeanAbs;pcm_RMSenergy_sma_de_peakMeanMeanDist;pcm_RMSenergy_sma_de_peakMeanRel;pcm_RMSenergy_sma_de_minRangeRel;pcm_RMSenergy_sma_de_meanRisingSlope;pcm_RMSenergy_sma_de_stddevRisingSlope;pcm_RMSenergy_sma_de_meanFallingSlope;pcm_RMSenergy_sma_de_stddevFallingSlope;pcm_zcr_sma_de_flatness;pcm_zcr_sma_de_posamean;pcm_zcr_sma_de_rqmean;pcm_zcr_sma_de_meanPeakDist;pcm_zcr_sma_de_peakDistStddev;pcm_zcr_sma_de_peakRangeAbs;pcm_zcr_sma_de_peakRangeRel;pcm_zcr_sma_de_peakMeanAbs;pcm_zcr_sma_de_peakMeanMeanDist;pcm_zcr_sma_de_peakMeanRel;pcm_zcr_sma_de_minRangeRel;pcm_zcr_sma_de_meanRisingSlope;pcm_zcr_sma_de_stddevRisingSlope;pcm_zcr_sma_de_meanFallingSlope;pcm_zcr_sma_de_stddevFallingSlope;audSpec_Rfilt_sma_de[0]_flatness;audSpec_Rfilt_sma_de[0]_posamean;audSpec_Rfilt_sma_de[0]_rqmean;audSpec_Rfilt_sma_de[0]_meanPeakDist;audSpec_Rfilt_sma_de[0]_peakDistStddev;audSpec_Rfilt_sma_de[0]_peakRangeAbs;audSpec_Rfilt_sma_de[0]_peakRangeRel;audSpec_Rfilt_sma_de[0]_peakMeanAbs;audSpec_Rfilt_sma_de[0]_peakMeanMeanDist;audSpec_Rfilt_sma_de[0]_peakMeanRel;audSpec_Rfilt_sma_de[0]_minRangeRel;audSpec_Rfilt_sma_de[0]_meanRisingSlope;audSpec_Rfilt_sma_de[0]_stddevRisingSlope;audSpec_Rfilt_sma_de[0]_meanFallingSlope;audSpec_Rfilt_sma_de[0]_stddevFallingSlope;audSpec_Rfilt_sma_de[1]_flatness;audSpec_Rfilt_sma_de[1]_posamean;audSpec_Rfilt_sma_de[1]_rqmean;audSpec_Rfilt_sma_de[1]_meanPeakDist;audSpec_Rfilt_sma_de[1]_peakDistStddev;audSpec_Rfilt_sma_de[1]_peakRangeAbs;audSpec_Rfilt_sma_de[1]_peakRangeRel;audSpec_Rfilt_sma_de[1]_peakMeanAbs;audSpec_Rfilt_sma_de[1]_peakMeanMeanDist;audSpec_Rfilt_sma_de[1]_peakMeanRel;audSpec_Rfilt_sma_de[1]_minRangeRel;audSpec_Rfilt_sma_de[1]_meanRisingSlope;audSpec_Rfilt_sma_de[1]_stddevRisingSlope;audSpec_Rfilt_sma_de[1]_meanFallingSlope;audSpec_Rfilt_sma_de[1]_stddevFallingSlope;audSpec_Rfilt_sma_de[2]_flatness;audSpec_Rfilt_sma_de[2]_posamean;audSpec_Rfilt_sma_de[2]_rqmean;audSpec_Rfilt_sma_de[2]_meanPeakDist;audSpec_Rfilt_sma_de[2]_peakDistStddev;audSpec_Rfilt_sma_de[2]_peakRangeAbs;audSpec_Rfilt_sma_de[2]_peakRangeRel;audSpec_Rfilt_sma_de[2]_peakMeanAbs;audSpec_Rfilt_sma_de[2]_peakMeanMeanDist;audSpec_Rfilt_sma_de[2]_peakMeanRel;audSpec_Rfilt_sma_de[2]_minRangeRel;audSpec_Rfilt_sma_de[2]_meanRisingSlope;audSpec_Rfilt_sma_de[2]_stddevRisingSlope;audSpec_Rfilt_sma_de[2]_meanFallingSlope;audSpec_Rfilt_sma_de[2]_stddevFallingSlope;audSpec_Rfilt_sma_de[3]_flatness;audSpec_Rfilt_sma_de[3]_posamean;audSpec_Rfilt_sma_de[3]_rqmean;audSpec_Rfilt_sma_de[3]_meanPeakDist;audSpec_Rfilt_sma_de[3]_peakDistStddev;audSpec_Rfilt_sma_de[3]_peakRangeAbs;audSpec_Rfilt_sma_de[3]_peakRangeRel;audSpec_Rfilt_sma_de[3]_peakMeanAbs;audSpec_Rfilt_sma_de[3]_peakMeanMeanDist;audSpec_Rfilt_sma_de[3]_peakMeanRel;audSpec_Rfilt_sma_de[3]_minRangeRel;audSpec_Rfilt_sma_de[3]_meanRisingSlope;audSpec_Rfilt_sma_de[3]_stddevRisingSlope;audSpec_Rfilt_sma_de[3]_meanFallingSlope;audSpec_Rfilt_sma_de[3]_stddevFallingSlope;audSpec_Rfilt_sma_de[4]_flatness;audSpec_Rfilt_sma_de[4]_posamean;audSpec_Rfilt_sma_de[4]_rqmean;audSpec_Rfilt_sma_de[4]_meanPeakDist;audSpec_Rfilt_sma_de[4]_peakDistStddev;audSpec_Rfilt_sma_de[4]_peakRangeAbs;audSpec_Rfilt_sma_de[4]_peakRangeRel;audSpec_Rfilt_sma_de[4]_peakMeanAbs;audSpec_Rfilt_sma_de[4]_peakMeanMeanDist;audSpec_Rfilt_sma_de[4]_peakMeanRel;audSpec_Rfilt_sma_de[4]_minRangeRel;audSpec_Rfilt_sma_de[4]_meanRisingSlope;audSpec_Rfilt_sma_de[4]_stddevRisingSlope;audSpec_Rfilt_sma_de[4]_meanFallingSlope;audSpec_Rfilt_sma_de[4]_stddevFallingSlope;audSpec_Rfilt_sma_de[5]_flatness;audSpec_Rfilt_sma_de[5]_posamean;audSpec_Rfilt_sma_de[5]_rqmean;audSpec_Rfilt_sma_de[5]_meanPeakDist;audSpec_Rfilt_sma_de[5]_peakDistStddev;audSpec_Rfilt_sma_de[5]_peakRangeAbs;audSpec_Rfilt_sma_de[5]_peakRangeRel;audSpec_Rfilt_sma_de[5]_peakMeanAbs;audSpec_Rfilt_sma_de[5]_peakMeanMeanDist;audSpec_Rfilt_sma_de[5]_peakMeanRel;audSpec_Rfilt_sma_de[5]_minRangeRel;audSpec_Rfilt_sma_de[5]_meanRisingSlope;audSpec_Rfilt_sma_de[5]_stddevRisingSlope;audSpec_Rfilt_sma_de[5]_meanFallingSlope;audSpec_Rfilt_sma_de[5]_stddevFallingSlope;audSpec_Rfilt_sma_de[6]_flatness;audSpec_Rfilt_sma_de[6]_posamean;audSpec_Rfilt_sma_de[6]_rqmean;audSpec_Rfilt_sma_de[6]_meanPeakDist;audSpec_Rfilt_sma_de[6]_peakDistStddev;audSpec_Rfilt_sma_de[6]_peakRangeAbs;audSpec_Rfilt_sma_de[6]_peakRangeRel;audSpec_Rfilt_sma_de[6]_peakMeanAbs;audSpec_Rfilt_sma_de[6]_peakMeanMeanDist;audSpec_Rfilt_sma_de[6]_peakMeanRel;audSpec_Rfilt_sma_de[6]_minRangeRel;audSpec_Rfilt_sma_de[6]_meanRisingSlope;audSpec_Rfilt_sma_de[6]_stddevRisingSlope;audSpec_Rfilt_sma_de[6]_meanFallingSlope;audSpec_Rfilt_sma_de[6]_stddevFallingSlope;audSpec_Rfilt_sma_de[7]_flatness;audSpec_Rfilt_sma_de[7]_posamean;audSpec_Rfilt_sma_de[7]_rqmean;audSpec_Rfilt_sma_de[7]_meanPeakDist;audSpec_Rfilt_sma_de[7]_peakDistStddev;audSpec_Rfilt_sma_de[7]_peakRangeAbs;audSpec_Rfilt_sma_de[7]_peakRangeRel;audSpec_Rfilt_sma_de[7]_peakMeanAbs;audSpec_Rfilt_sma_de[7]_peakMeanMeanDist;audSpec_Rfilt_sma_de[7]_peakMeanRel;audSpec_Rfilt_sma_de[7]_minRangeRel;audSpec_Rfilt_sma_de[7]_meanRisingSlope;audSpec_Rfilt_sma_de[7]_stddevRisingSlope;audSpec_Rfilt_sma_de[7]_meanFallingSlope;audSpec_Rfilt_sma_de[7]_stddevFallingSlope;audSpec_Rfilt_sma_de[8]_flatness;audSpec_Rfilt_sma_de[8]_posamean;audSpec_Rfilt_sma_de[8]_rqmean;audSpec_Rfilt_sma_de[8]_meanPeakDist;audSpec_Rfilt_sma_de[8]_peakDistStddev;audSpec_Rfilt_sma_de[8]_peakRangeAbs;audSpec_Rfilt_sma_de[8]_peakRangeRel;audSpec_Rfilt_sma_de[8]_peakMeanAbs;audSpec_Rfilt_sma_de[8]_peakMeanMeanDist;audSpec_Rfilt_sma_de[8]_peakMeanRel;audSpec_Rfilt_sma_de[8]_minRangeRel;audSpec_Rfilt_sma_de[8]_meanRisingSlope;audSpec_Rfilt_sma_de[8]_stddevRisingSlope;audSpec_Rfilt_sma_de[8]_meanFallingSlope;audSpec_Rfilt_sma_de[8]_stddevFallingSlope;audSpec_Rfilt_sma_de[9]_flatness;audSpec_Rfilt_sma_de[9]_posamean;audSpec_Rfilt_sma_de[9]_rqmean;audSpec_Rfilt_sma_de[9]_meanPeakDist;audSpec_Rfilt_sma_de[9]_peakDistStddev;audSpec_Rfilt_sma_de[9]_peakRangeAbs;audSpec_Rfilt_sma_de[9]_peakRangeRel;audSpec_Rfilt_sma_de[9]_peakMeanAbs;audSpec_Rfilt_sma_de[9]_peakMeanMeanDist;audSpec_Rfilt_sma_de[9]_peakMeanRel;audSpec_Rfilt_sma_de[9]_minRangeRel;audSpec_Rfilt_sma_de[9]_meanRisingSlope;audSpec_Rfilt_sma_de[9]_stddevRisingSlope;audSpec_Rfilt_sma_de[9]_meanFallingSlope;audSpec_Rfilt_sma_de[9]_stddevFallingSlope;audSpec_Rfilt_sma_de[10]_flatness;audSpec_Rfilt_sma_de[10]_posamean;audSpec_Rfilt_sma_de[10]_rqmean;audSpec_Rfilt_sma_de[10]_meanPeakDist;audSpec_Rfilt_sma_de[10]_peakDistStddev;audSpec_Rfilt_sma_de[10]_peakRangeAbs;audSpec_Rfilt_sma_de[10]_peakRangeRel;audSpec_Rfilt_sma_de[10]_peakMeanAbs;audSpec_Rfilt_sma_de[10]_peakMeanMeanDist;audSpec_Rfilt_sma_de[10]_peakMeanRel;audSpec_Rfilt_sma_de[10]_minRangeRel;audSpec_Rfilt_sma_de[10]_meanRisingSlope;audSpec_Rfilt_sma_de[10]_stddevRisingSlope;audSpec_Rfilt_sma_de[10]_meanFallingSlope;audSpec_Rfilt_sma_de[10]_stddevFallingSlope;audSpec_Rfilt_sma_de[11]_flatness;audSpec_Rfilt_sma_de[11]_posamean;audSpec_Rfilt_sma_de[11]_rqmean;audSpec_Rfilt_sma_de[11]_meanPeakDist;audSpec_Rfilt_sma_de[11]_peakDistStddev;audSpec_Rfilt_sma_de[11]_peakRangeAbs;audSpec_Rfilt_sma_de[11]_peakRangeRel;audSpec_Rfilt_sma_de[11]_peakMeanAbs;audSpec_Rfilt_sma_de[11]_peakMeanMeanDist;audSpec_Rfilt_sma_de[11]_peakMeanRel;audSpec_Rfilt_sma_de[11]_minRangeRel;audSpec_Rfilt_sma_de[11]_meanRisingSlope;audSpec_Rfilt_sma_de[11]_stddevRisingSlope;audSpec_Rfilt_sma_de[11]_meanFallingSlope;audSpec_Rfilt_sma_de[11]_stddevFallingSlope;audSpec_Rfilt_sma_de[12]_flatness;audSpec_Rfilt_sma_de[12]_posamean;audSpec_Rfilt_sma_de[12]_rqmean;audSpec_Rfilt_sma_de[12]_meanPeakDist;audSpec_Rfilt_sma_de[12]_peakDistStddev;audSpec_Rfilt_sma_de[12]_peakRangeAbs;audSpec_Rfilt_sma_de[12]_peakRangeRel;audSpec_Rfilt_sma_de[12]_peakMeanAbs;audSpec_Rfilt_sma_de[12]_peakMeanMeanDist;audSpec_Rfilt_sma_de[12]_peakMeanRel;audSpec_Rfilt_sma_de[12]_minRangeRel;audSpec_Rfilt_sma_de[12]_meanRisingSlope;audSpec_Rfilt_sma_de[12]_stddevRisingSlope;audSpec_Rfilt_sma_de[12]_meanFallingSlope;audSpec_Rfilt_sma_de[12]_stddevFallingSlope;audSpec_Rfilt_sma_de[13]_flatness;audSpec_Rfilt_sma_de[13]_posamean;audSpec_Rfilt_sma_de[13]_rqmean;audSpec_Rfilt_sma_de[13]_meanPeakDist;audSpec_Rfilt_sma_de[13]_peakDistStddev;audSpec_Rfilt_sma_de[13]_peakRangeAbs;audSpec_Rfilt_sma_de[13]_peakRangeRel;audSpec_Rfilt_sma_de[13]_peakMeanAbs;audSpec_Rfilt_sma_de[13]_peakMeanMeanDist;audSpec_Rfilt_sma_de[13]_peakMeanRel;audSpec_Rfilt_sma_de[13]_minRangeRel;audSpec_Rfilt_sma_de[13]_meanRisingSlope;audSpec_Rfilt_sma_de[13]_stddevRisingSlope;audSpec_Rfilt_sma_de[13]_meanFallingSlope;audSpec_Rfilt_sma_de[13]_stddevFallingSlope;audSpec_Rfilt_sma_de[14]_flatness;audSpec_Rfilt_sma_de[14]_posamean;audSpec_Rfilt_sma_de[14]_rqmean;audSpec_Rfilt_sma_de[14]_meanPeakDist;audSpec_Rfilt_sma_de[14]_peakDistStddev;audSpec_Rfilt_sma_de[14]_peakRangeAbs;audSpec_Rfilt_sma_de[14]_peakRangeRel;audSpec_Rfilt_sma_de[14]_peakMeanAbs;audSpec_Rfilt_sma_de[14]_peakMeanMeanDist;audSpec_Rfilt_sma_de[14]_peakMeanRel;audSpec_Rfilt_sma_de[14]_minRangeRel;audSpec_Rfilt_sma_de[14]_meanRisingSlope;audSpec_Rfilt_sma_de[14]_stddevRisingSlope;audSpec_Rfilt_sma_de[14]_meanFallingSlope;audSpec_Rfilt_sma_de[14]_stddevFallingSlope;audSpec_Rfilt_sma_de[15]_flatness;audSpec_Rfilt_sma_de[15]_posamean;audSpec_Rfilt_sma_de[15]_rqmean;audSpec_Rfilt_sma_de[15]_meanPeakDist;audSpec_Rfilt_sma_de[15]_peakDistStddev;audSpec_Rfilt_sma_de[15]_peakRangeAbs;audSpec_Rfilt_sma_de[15]_peakRangeRel;audSpec_Rfilt_sma_de[15]_peakMeanAbs;audSpec_Rfilt_sma_de[15]_peakMeanMeanDist;audSpec_Rfilt_sma_de[15]_peakMeanRel;audSpec_Rfilt_sma_de[15]_minRangeRel;audSpec_Rfilt_sma_de[15]_meanRisingSlope;audSpec_Rfilt_sma_de[15]_stddevRisingSlope;audSpec_Rfilt_sma_de[15]_meanFallingSlope;audSpec_Rfilt_sma_de[15]_stddevFallingSlope;audSpec_Rfilt_sma_de[16]_flatness;audSpec_Rfilt_sma_de[16]_posamean;audSpec_Rfilt_sma_de[16]_rqmean;audSpec_Rfilt_sma_de[16]_meanPeakDist;audSpec_Rfilt_sma_de[16]_peakDistStddev;audSpec_Rfilt_sma_de[16]_peakRangeAbs;audSpec_Rfilt_sma_de[16]_peakRangeRel;audSpec_Rfilt_sma_de[16]_peakMeanAbs;audSpec_Rfilt_sma_de[16]_peakMeanMeanDist;audSpec_Rfilt_sma_de[16]_peakMeanRel;audSpec_Rfilt_sma_de[16]_minRangeRel;audSpec_Rfilt_sma_de[16]_meanRisingSlope;audSpec_Rfilt_sma_de[16]_stddevRisingSlope;audSpec_Rfilt_sma_de[16]_meanFallingSlope;audSpec_Rfilt_sma_de[16]_stddevFallingSlope;audSpec_Rfilt_sma_de[17]_flatness;audSpec_Rfilt_sma_de[17]_posamean;audSpec_Rfilt_sma_de[17]_rqmean;audSpec_Rfilt_sma_de[17]_meanPeakDist;audSpec_Rfilt_sma_de[17]_peakDistStddev;audSpec_Rfilt_sma_de[17]_peakRangeAbs;audSpec_Rfilt_sma_de[17]_peakRangeRel;audSpec_Rfilt_sma_de[17]_peakMeanAbs;audSpec_Rfilt_sma_de[17]_peakMeanMeanDist;audSpec_Rfilt_sma_de[17]_peakMeanRel;audSpec_Rfilt_sma_de[17]_minRangeRel;audSpec_Rfilt_sma_de[17]_meanRisingSlope;audSpec_Rfilt_sma_de[17]_stddevRisingSlope;audSpec_Rfilt_sma_de[17]_meanFallingSlope;audSpec_Rfilt_sma_de[17]_stddevFallingSlope;audSpec_Rfilt_sma_de[18]_flatness;audSpec_Rfilt_sma_de[18]_posamean;audSpec_Rfilt_sma_de[18]_rqmean;audSpec_Rfilt_sma_de[18]_meanPeakDist;audSpec_Rfilt_sma_de[18]_peakDistStddev;audSpec_Rfilt_sma_de[18]_peakRangeAbs;audSpec_Rfilt_sma_de[18]_peakRangeRel;audSpec_Rfilt_sma_de[18]_peakMeanAbs;audSpec_Rfilt_sma_de[18]_peakMeanMeanDist;audSpec_Rfilt_sma_de[18]_peakMeanRel;audSpec_Rfilt_sma_de[18]_minRangeRel;audSpec_Rfilt_sma_de[18]_meanRisingSlope;audSpec_Rfilt_sma_de[18]_stddevRisingSlope;audSpec_Rfilt_sma_de[18]_meanFallingSlope;audSpec_Rfilt_sma_de[18]_stddevFallingSlope;audSpec_Rfilt_sma_de[19]_flatness;audSpec_Rfilt_sma_de[19]_posamean;audSpec_Rfilt_sma_de[19]_rqmean;audSpec_Rfilt_sma_de[19]_meanPeakDist;audSpec_Rfilt_sma_de[19]_peakDistStddev;audSpec_Rfilt_sma_de[19]_peakRangeAbs;audSpec_Rfilt_sma_de[19]_peakRangeRel;audSpec_Rfilt_sma_de[19]_peakMeanAbs;audSpec_Rfilt_sma_de[19]_peakMeanMeanDist;audSpec_Rfilt_sma_de[19]_peakMeanRel;audSpec_Rfilt_sma_de[19]_minRangeRel;audSpec_Rfilt_sma_de[19]_meanRisingSlope;audSpec_Rfilt_sma_de[19]_stddevRisingSlope;audSpec_Rfilt_sma_de[19]_meanFallingSlope;audSpec_Rfilt_sma_de[19]_stddevFallingSlope;audSpec_Rfilt_sma_de[20]_flatness;audSpec_Rfilt_sma_de[20]_posamean;audSpec_Rfilt_sma_de[20]_rqmean;audSpec_Rfilt_sma_de[20]_meanPeakDist;audSpec_Rfilt_sma_de[20]_peakDistStddev;audSpec_Rfilt_sma_de[20]_peakRangeAbs;audSpec_Rfilt_sma_de[20]_peakRangeRel;audSpec_Rfilt_sma_de[20]_peakMeanAbs;audSpec_Rfilt_sma_de[20]_peakMeanMeanDist;audSpec_Rfilt_sma_de[20]_peakMeanRel;audSpec_Rfilt_sma_de[20]_minRangeRel;audSpec_Rfilt_sma_de[20]_meanRisingSlope;audSpec_Rfilt_sma_de[20]_stddevRisingSlope;audSpec_Rfilt_sma_de[20]_meanFallingSlope;audSpec_Rfilt_sma_de[20]_stddevFallingSlope;audSpec_Rfilt_sma_de[21]_flatness;audSpec_Rfilt_sma_de[21]_posamean;audSpec_Rfilt_sma_de[21]_rqmean;audSpec_Rfilt_sma_de[21]_meanPeakDist;audSpec_Rfilt_sma_de[21]_peakDistStddev;audSpec_Rfilt_sma_de[21]_peakRangeAbs;audSpec_Rfilt_sma_de[21]_peakRangeRel;audSpec_Rfilt_sma_de[21]_peakMeanAbs;audSpec_Rfilt_sma_de[21]_peakMeanMeanDist;audSpec_Rfilt_sma_de[21]_peakMeanRel;audSpec_Rfilt_sma_de[21]_minRangeRel;audSpec_Rfilt_sma_de[21]_meanRisingSlope;audSpec_Rfilt_sma_de[21]_stddevRisingSlope;audSpec_Rfilt_sma_de[21]_meanFallingSlope;audSpec_Rfilt_sma_de[21]_stddevFallingSlope;audSpec_Rfilt_sma_de[22]_flatness;audSpec_Rfilt_sma_de[22]_posamean;audSpec_Rfilt_sma_de[22]_rqmean;audSpec_Rfilt_sma_de[22]_meanPeakDist;audSpec_Rfilt_sma_de[22]_peakDistStddev;audSpec_Rfilt_sma_de[22]_peakRangeAbs;audSpec_Rfilt_sma_de[22]_peakRangeRel;audSpec_Rfilt_sma_de[22]_peakMeanAbs;audSpec_Rfilt_sma_de[22]_peakMeanMeanDist;audSpec_Rfilt_sma_de[22]_peakMeanRel;audSpec_Rfilt_sma_de[22]_minRangeRel;audSpec_Rfilt_sma_de[22]_meanRisingSlope;audSpec_Rfilt_sma_de[22]_stddevRisingSlope;audSpec_Rfilt_sma_de[22]_meanFallingSlope;audSpec_Rfilt_sma_de[22]_stddevFallingSlope;audSpec_Rfilt_sma_de[23]_flatness;audSpec_Rfilt_sma_de[23]_posamean;audSpec_Rfilt_sma_de[23]_rqmean;audSpec_Rfilt_sma_de[23]_meanPeakDist;audSpec_Rfilt_sma_de[23]_peakDistStddev;audSpec_Rfilt_sma_de[23]_peakRangeAbs;audSpec_Rfilt_sma_de[23]_peakRangeRel;audSpec_Rfilt_sma_de[23]_peakMeanAbs;audSpec_Rfilt_sma_de[23]_peakMeanMeanDist;audSpec_Rfilt_sma_de[23]_peakMeanRel;audSpec_Rfilt_sma_de[23]_minRangeRel;audSpec_Rfilt_sma_de[23]_meanRisingSlope;audSpec_Rfilt_sma_de[23]_stddevRisingSlope;audSpec_Rfilt_sma_de[23]_meanFallingSlope;audSpec_Rfilt_sma_de[23]_stddevFallingSlope;audSpec_Rfilt_sma_de[24]_flatness;audSpec_Rfilt_sma_de[24]_posamean;audSpec_Rfilt_sma_de[24]_rqmean;audSpec_Rfilt_sma_de[24]_meanPeakDist;audSpec_Rfilt_sma_de[24]_peakDistStddev;audSpec_Rfilt_sma_de[24]_peakRangeAbs;audSpec_Rfilt_sma_de[24]_peakRangeRel;audSpec_Rfilt_sma_de[24]_peakMeanAbs;audSpec_Rfilt_sma_de[24]_peakMeanMeanDist;audSpec_Rfilt_sma_de[24]_peakMeanRel;audSpec_Rfilt_sma_de[24]_minRangeRel;audSpec_Rfilt_sma_de[24]_meanRisingSlope;audSpec_Rfilt_sma_de[24]_stddevRisingSlope;audSpec_Rfilt_sma_de[24]_meanFallingSlope;audSpec_Rfilt_sma_de[24]_stddevFallingSlope;audSpec_Rfilt_sma_de[25]_flatness;audSpec_Rfilt_sma_de[25]_posamean;audSpec_Rfilt_sma_de[25]_rqmean;audSpec_Rfilt_sma_de[25]_meanPeakDist;audSpec_Rfilt_sma_de[25]_peakDistStddev;audSpec_Rfilt_sma_de[25]_peakRangeAbs;audSpec_Rfilt_sma_de[25]_peakRangeRel;audSpec_Rfilt_sma_de[25]_peakMeanAbs;audSpec_Rfilt_sma_de[25]_peakMeanMeanDist;audSpec_Rfilt_sma_de[25]_peakMeanRel;audSpec_Rfilt_sma_de[25]_minRangeRel;audSpec_Rfilt_sma_de[25]_meanRisingSlope;audSpec_Rfilt_sma_de[25]_stddevRisingSlope;audSpec_Rfilt_sma_de[25]_meanFallingSlope;audSpec_Rfilt_sma_de[25]_stddevFallingSlope;pcm_fftMag_fband250-650_sma_de_flatness;pcm_fftMag_fband250-650_sma_de_posamean;pcm_fftMag_fband250-650_sma_de_rqmean;pcm_fftMag_fband250-650_sma_de_meanPeakDist;pcm_fftMag_fband250-650_sma_de_peakDistStddev;pcm_fftMag_fband250-650_sma_de_peakRangeAbs;pcm_fftMag_fband250-650_sma_de_peakRangeRel;pcm_fftMag_fband250-650_sma_de_peakMeanAbs;pcm_fftMag_fband250-650_sma_de_peakMeanMeanDist;pcm_fftMag_fband250-650_sma_de_peakMeanRel;pcm_fftMag_fband250-650_sma_de_minRangeRel;pcm_fftMag_fband250-650_sma_de_meanRisingSlope;pcm_fftMag_fband250-650_sma_de_stddevRisingSlope;pcm_fftMag_fband250-650_sma_de_meanFallingSlope;pcm_fftMag_fband250-650_sma_de_stddevFallingSlope;pcm_fftMag_fband1000-4000_sma_de_flatness;pcm_fftMag_fband1000-4000_sma_de_posamean;pcm_fftMag_fband1000-4000_sma_de_rqmean;pcm_fftMag_fband1000-4000_sma_de_meanPeakDist;pcm_fftMag_fband1000-4000_sma_de_peakDistStddev;pcm_fftMag_fband1000-4000_sma_de_peakRangeAbs;pcm_fftMag_fband1000-4000_sma_de_peakRangeRel;pcm_fftMag_fband1000-4000_sma_de_peakMeanAbs;pcm_fftMag_fband1000-4000_sma_de_peakMeanMeanDist;pcm_fftMag_fband1000-4000_sma_de_peakMeanRel;pcm_fftMag_fband1000-4000_sma_de_minRangeRel;pcm_fftMag_fband1000-4000_sma_de_meanRisingSlope;pcm_fftMag_fband1000-4000_sma_de_stddevRisingSlope;pcm_fftMag_fband1000-4000_sma_de_meanFallingSlope;pcm_fftMag_fband1000-4000_sma_de_stddevFallingSlope;pcm_fftMag_spectralRollOff25.0_sma_de_flatness;pcm_fftMag_spectralRollOff25.0_sma_de_posamean;pcm_fftMag_spectralRollOff25.0_sma_de_rqmean;pcm_fftMag_spectralRollOff25.0_sma_de_meanPeakDist;pcm_fftMag_spectralRollOff25.0_sma_de_peakDistStddev;pcm_fftMag_spectralRollOff25.0_sma_de_peakRangeAbs;pcm_fftMag_spectralRollOff25.0_sma_de_peakRangeRel;pcm_fftMag_spectralRollOff25.0_sma_de_peakMeanAbs;pcm_fftMag_spectralRollOff25.0_sma_de_peakMeanMeanDist;pcm_fftMag_spectralRollOff25.0_sma_de_peakMeanRel;pcm_fftMag_spectralRollOff25.0_sma_de_minRangeRel;pcm_fftMag_spectralRollOff25.0_sma_de_meanRisingSlope;pcm_fftMag_spectralRollOff25.0_sma_de_stddevRisingSlope;pcm_fftMag_spectralRollOff25.0_sma_de_meanFallingSlope;pcm_fftMag_spectralRollOff25.0_sma_de_stddevFallingSlope;pcm_fftMag_spectralRollOff50.0_sma_de_flatness;pcm_fftMag_spectralRollOff50.0_sma_de_posamean;pcm_fftMag_spectralRollOff50.0_sma_de_rqmean;pcm_fftMag_spectralRollOff50.0_sma_de_meanPeakDist;pcm_fftMag_spectralRollOff50.0_sma_de_peakDistStddev;pcm_fftMag_spectralRollOff50.0_sma_de_peakRangeAbs;pcm_fftMag_spectralRollOff50.0_sma_de_peakRangeRel;pcm_fftMag_spectralRollOff50.0_sma_de_peakMeanAbs;pcm_fftMag_spectralRollOff50.0_sma_de_peakMeanMeanDist;pcm_fftMag_spectralRollOff50.0_sma_de_peakMeanRel;pcm_fftMag_spectralRollOff50.0_sma_de_minRangeRel;pcm_fftMag_spectralRollOff50.0_sma_de_meanRisingSlope;pcm_fftMag_spectralRollOff50.0_sma_de_stddevRisingSlope;pcm_fftMag_spectralRollOff50.0_sma_de_meanFallingSlope;pcm_fftMag_spectralRollOff50.0_sma_de_stddevFallingSlope;pcm_fftMag_spectralRollOff75.0_sma_de_flatness;pcm_fftMag_spectralRollOff75.0_sma_de_posamean;pcm_fftMag_spectralRollOff75.0_sma_de_rqmean;pcm_fftMag_spectralRollOff75.0_sma_de_meanPeakDist;pcm_fftMag_spectralRollOff75.0_sma_de_peakDistStddev;pcm_fftMag_spectralRollOff75.0_sma_de_peakRangeAbs;pcm_fftMag_spectralRollOff75.0_sma_de_peakRangeRel;pcm_fftMag_spectralRollOff75.0_sma_de_peakMeanAbs;pcm_fftMag_spectralRollOff75.0_sma_de_peakMeanMeanDist;pcm_fftMag_spectralRollOff75.0_sma_de_peakMeanRel;pcm_fftMag_spectralRollOff75.0_sma_de_minRangeRel;pcm_fftMag_spectralRollOff75.0_sma_de_meanRisingSlope;pcm_fftMag_spectralRollOff75.0_sma_de_stddevRisingSlope;pcm_fftMag_spectralRollOff75.0_sma_de_meanFallingSlope;pcm_fftMag_spectralRollOff75.0_sma_de_stddevFallingSlope;pcm_fftMag_spectralRollOff90.0_sma_de_flatness;pcm_fftMag_spectralRollOff90.0_sma_de_posamean;pcm_fftMag_spectralRollOff90.0_sma_de_rqmean;pcm_fftMag_spectralRollOff90.0_sma_de_meanPeakDist;pcm_fftMag_spectralRollOff90.0_sma_de_peakDistStddev;pcm_fftMag_spectralRollOff90.0_sma_de_peakRangeAbs;pcm_fftMag_spectralRollOff90.0_sma_de_peakRangeRel;pcm_fftMag_spectralRollOff90.0_sma_de_peakMeanAbs;pcm_fftMag_spectralRollOff90.0_sma_de_peakMeanMeanDist;pcm_fftMag_spectralRollOff90.0_sma_de_peakMeanRel;pcm_fftMag_spectralRollOff90.0_sma_de_minRangeRel;pcm_fftMag_spectralRollOff90.0_sma_de_meanRisingSlope;pcm_fftMag_spectralRollOff90.0_sma_de_stddevRisingSlope;pcm_fftMag_spectralRollOff90.0_sma_de_meanFallingSlope;pcm_fftMag_spectralRollOff90.0_sma_de_stddevFallingSlope;pcm_fftMag_spectralFlux_sma_de_flatness;pcm_fftMag_spectralFlux_sma_de_posamean;pcm_fftMag_spectralFlux_sma_de_rqmean;pcm_fftMag_spectralFlux_sma_de_meanPeakDist;pcm_fftMag_spectralFlux_sma_de_peakDistStddev;pcm_fftMag_spectralFlux_sma_de_peakRangeAbs;pcm_fftMag_spectralFlux_sma_de_peakRangeRel;pcm_fftMag_spectralFlux_sma_de_peakMeanAbs;pcm_fftMag_spectralFlux_sma_de_peakMeanMeanDist;pcm_fftMag_spectralFlux_sma_de_peakMeanRel;pcm_fftMag_spectralFlux_sma_de_minRangeRel;pcm_fftMag_spectralFlux_sma_de_meanRisingSlope;pcm_fftMag_spectralFlux_sma_de_stddevRisingSlope;pcm_fftMag_spectralFlux_sma_de_meanFallingSlope;pcm_fftMag_spectralFlux_sma_de_stddevFallingSlope;pcm_fftMag_spectralCentroid_sma_de_flatness;pcm_fftMag_spectralCentroid_sma_de_posamean;pcm_fftMag_spectralCentroid_sma_de_rqmean;pcm_fftMag_spectralCentroid_sma_de_meanPeakDist;pcm_fftMag_spectralCentroid_sma_de_peakDistStddev;pcm_fftMag_spectralCentroid_sma_de_peakRangeAbs;pcm_fftMag_spectralCentroid_sma_de_peakRangeRel;pcm_fftMag_spectralCentroid_sma_de_peakMeanAbs;pcm_fftMag_spectralCentroid_sma_de_peakMeanMeanDist;pcm_fftMag_spectralCentroid_sma_de_peakMeanRel;pcm_fftMag_spectralCentroid_sma_de_minRangeRel;pcm_fftMag_spectralCentroid_sma_de_meanRisingSlope;pcm_fftMag_spectralCentroid_sma_de_stddevRisingSlope;pcm_fftMag_spectralCentroid_sma_de_meanFallingSlope;pcm_fftMag_spectralCentroid_sma_de_stddevFallingSlope;pcm_fftMag_spectralEntropy_sma_de_flatness;pcm_fftMag_spectralEntropy_sma_de_posamean;pcm_fftMag_spectralEntropy_sma_de_rqmean;pcm_fftMag_spectralEntropy_sma_de_meanPeakDist;pcm_fftMag_spectralEntropy_sma_de_peakDistStddev;pcm_fftMag_spectralEntropy_sma_de_peakRangeAbs;pcm_fftMag_spectralEntropy_sma_de_peakRangeRel;pcm_fftMag_spectralEntropy_sma_de_peakMeanAbs;pcm_fftMag_spectralEntropy_sma_de_peakMeanMeanDist;pcm_fftMag_spectralEntropy_sma_de_peakMeanRel;pcm_fftMag_spectralEntropy_sma_de_minRangeRel;pcm_fftMag_spectralEntropy_sma_de_meanRisingSlope;pcm_fftMag_spectralEntropy_sma_de_stddevRisingSlope;pcm_fftMag_spectralEntropy_sma_de_meanFallingSlope;pcm_fftMag_spectralEntropy_sma_de_stddevFallingSlope;pcm_fftMag_spectralVariance_sma_de_flatness;pcm_fftMag_spectralVariance_sma_de_posamean;pcm_fftMag_spectralVariance_sma_de_rqmean;pcm_fftMag_spectralVariance_sma_de_meanPeakDist;pcm_fftMag_spectralVariance_sma_de_peakDistStddev;pcm_fftMag_spectralVariance_sma_de_peakRangeAbs;pcm_fftMag_spectralVariance_sma_de_peakRangeRel;pcm_fftMag_spectralVariance_sma_de_peakMeanAbs;pcm_fftMag_spectralVariance_sma_de_peakMeanMeanDist;pcm_fftMag_spectralVariance_sma_de_peakMeanRel;pcm_fftMag_spectralVariance_sma_de_minRangeRel;pcm_fftMag_spectralVariance_sma_de_meanRisingSlope;pcm_fftMag_spectralVariance_sma_de_stddevRisingSlope;pcm_fftMag_spectralVariance_sma_de_meanFallingSlope;pcm_fftMag_spectralVariance_sma_de_stddevFallingSlope;pcm_fftMag_spectralSkewness_sma_de_flatness;pcm_fftMag_spectralSkewness_sma_de_posamean;pcm_fftMag_spectralSkewness_sma_de_rqmean;pcm_fftMag_spectralSkewness_sma_de_meanPeakDist;pcm_fftMag_spectralSkewness_sma_de_peakDistStddev;pcm_fftMag_spectralSkewness_sma_de_peakRangeAbs;pcm_fftMag_spectralSkewness_sma_de_peakRangeRel;pcm_fftMag_spectralSkewness_sma_de_peakMeanAbs;pcm_fftMag_spectralSkewness_sma_de_peakMeanMeanDist;pcm_fftMag_spectralSkewness_sma_de_peakMeanRel;pcm_fftMag_spectralSkewness_sma_de_minRangeRel;pcm_fftMag_spectralSkewness_sma_de_meanRisingSlope;pcm_fftMag_spectralSkewness_sma_de_stddevRisingSlope;pcm_fftMag_spectralSkewness_sma_de_meanFallingSlope;pcm_fftMag_spectralSkewness_sma_de_stddevFallingSlope;pcm_fftMag_spectralKurtosis_sma_de_flatness;pcm_fftMag_spectralKurtosis_sma_de_posamean;pcm_fftMag_spectralKurtosis_sma_de_rqmean;pcm_fftMag_spectralKurtosis_sma_de_meanPeakDist;pcm_fftMag_spectralKurtosis_sma_de_peakDistStddev;pcm_fftMag_spectralKurtosis_sma_de_peakRangeAbs;pcm_fftMag_spectralKurtosis_sma_de_peakRangeRel;pcm_fftMag_spectralKurtosis_sma_de_peakMeanAbs;pcm_fftMag_spectralKurtosis_sma_de_peakMeanMeanDist;pcm_fftMag_spectralKurtosis_sma_de_peakMeanRel;pcm_fftMag_spectralKurtosis_sma_de_minRangeRel;pcm_fftMag_spectralKurtosis_sma_de_meanRisingSlope;pcm_fftMag_spectralKurtosis_sma_de_stddevRisingSlope;pcm_fftMag_spectralKurtosis_sma_de_meanFallingSlope;pcm_fftMag_spectralKurtosis_sma_de_stddevFallingSlope;pcm_fftMag_spectralSlope_sma_de_flatness;pcm_fftMag_spectralSlope_sma_de_posamean;pcm_fftMag_spectralSlope_sma_de_rqmean;pcm_fftMag_spectralSlope_sma_de_meanPeakDist;pcm_fftMag_spectralSlope_sma_de_peakDistStddev;pcm_fftMag_spectralSlope_sma_de_peakRangeAbs;pcm_fftMag_spectralSlope_sma_de_peakRangeRel;pcm_fftMag_spectralSlope_sma_de_peakMeanAbs;pcm_fftMag_spectralSlope_sma_de_peakMeanMeanDist;pcm_fftMag_spectralSlope_sma_de_peakMeanRel;pcm_fftMag_spectralSlope_sma_de_minRangeRel;pcm_fftMag_spectralSlope_sma_de_meanRisingSlope;pcm_fftMag_spectralSlope_sma_de_stddevRisingSlope;pcm_fftMag_spectralSlope_sma_de_meanFallingSlope;pcm_fftMag_spectralSlope_sma_de_stddevFallingSlope;pcm_fftMag_psySharpness_sma_de_flatness;pcm_fftMag_psySharpness_sma_de_posamean;pcm_fftMag_psySharpness_sma_de_rqmean;pcm_fftMag_psySharpness_sma_de_meanPeakDist;pcm_fftMag_psySharpness_sma_de_peakDistStddev;pcm_fftMag_psySharpness_sma_de_peakRangeAbs;pcm_fftMag_psySharpness_sma_de_peakRangeRel;pcm_fftMag_psySharpness_sma_de_peakMeanAbs;pcm_fftMag_psySharpness_sma_de_peakMeanMeanDist;pcm_fftMag_psySharpness_sma_de_peakMeanRel;pcm_fftMag_psySharpness_sma_de_minRangeRel;pcm_fftMag_psySharpness_sma_de_meanRisingSlope;pcm_fftMag_psySharpness_sma_de_stddevRisingSlope;pcm_fftMag_psySharpness_sma_de_meanFallingSlope;pcm_fftMag_psySharpness_sma_de_stddevFallingSlope;pcm_fftMag_spectralHarmonicity_sma_de_flatness;pcm_fftMag_spectralHarmonicity_sma_de_posamean;pcm_fftMag_spectralHarmonicity_sma_de_rqmean;pcm_fftMag_spectralHarmonicity_sma_de_meanPeakDist;pcm_fftMag_spectralHarmonicity_sma_de_peakDistStddev;pcm_fftMag_spectralHarmonicity_sma_de_peakRangeAbs;pcm_fftMag_spectralHarmonicity_sma_de_peakRangeRel;pcm_fftMag_spectralHarmonicity_sma_de_peakMeanAbs;pcm_fftMag_spectralHarmonicity_sma_de_peakMeanMeanDist;pcm_fftMag_spectralHarmonicity_sma_de_peakMeanRel;pcm_fftMag_spectralHarmonicity_sma_de_minRangeRel;pcm_fftMag_spectralHarmonicity_sma_de_meanRisingSlope;pcm_fftMag_spectralHarmonicity_sma_de_stddevRisingSlope;pcm_fftMag_spectralHarmonicity_sma_de_meanFallingSlope;pcm_fftMag_spectralHarmonicity_sma_de_stddevFallingSlope;mfcc_sma_de[1]_flatness;mfcc_sma_de[1]_posamean;mfcc_sma_de[1]_rqmean;mfcc_sma_de[1]_meanPeakDist;mfcc_sma_de[1]_peakDistStddev;mfcc_sma_de[1]_peakRangeAbs;mfcc_sma_de[1]_peakRangeRel;mfcc_sma_de[1]_peakMeanAbs;mfcc_sma_de[1]_peakMeanMeanDist;mfcc_sma_de[1]_peakMeanRel;mfcc_sma_de[1]_minRangeRel;mfcc_sma_de[1]_meanRisingSlope;mfcc_sma_de[1]_stddevRisingSlope;mfcc_sma_de[1]_meanFallingSlope;mfcc_sma_de[1]_stddevFallingSlope;mfcc_sma_de[2]_flatness;mfcc_sma_de[2]_posamean;mfcc_sma_de[2]_rqmean;mfcc_sma_de[2]_meanPeakDist;mfcc_sma_de[2]_peakDistStddev;mfcc_sma_de[2]_peakRangeAbs;mfcc_sma_de[2]_peakRangeRel;mfcc_sma_de[2]_peakMeanAbs;mfcc_sma_de[2]_peakMeanMeanDist;mfcc_sma_de[2]_peakMeanRel;mfcc_sma_de[2]_minRangeRel;mfcc_sma_de[2]_meanRisingSlope;mfcc_sma_de[2]_stddevRisingSlope;mfcc_sma_de[2]_meanFallingSlope;mfcc_sma_de[2]_stddevFallingSlope;mfcc_sma_de[3]_flatness;mfcc_sma_de[3]_posamean;mfcc_sma_de[3]_rqmean;mfcc_sma_de[3]_meanPeakDist;mfcc_sma_de[3]_peakDistStddev;mfcc_sma_de[3]_peakRangeAbs;mfcc_sma_de[3]_peakRangeRel;mfcc_sma_de[3]_peakMeanAbs;mfcc_sma_de[3]_peakMeanMeanDist;mfcc_sma_de[3]_peakMeanRel;mfcc_sma_de[3]_minRangeRel;mfcc_sma_de[3]_meanRisingSlope;mfcc_sma_de[3]_stddevRisingSlope;mfcc_sma_de[3]_meanFallingSlope;mfcc_sma_de[3]_stddevFallingSlope;mfcc_sma_de[4]_flatness;mfcc_sma_de[4]_posamean;mfcc_sma_de[4]_rqmean;mfcc_sma_de[4]_meanPeakDist;mfcc_sma_de[4]_peakDistStddev;mfcc_sma_de[4]_peakRangeAbs;mfcc_sma_de[4]_peakRangeRel;mfcc_sma_de[4]_peakMeanAbs;mfcc_sma_de[4]_peakMeanMeanDist;mfcc_sma_de[4]_peakMeanRel;mfcc_sma_de[4]_minRangeRel;mfcc_sma_de[4]_meanRisingSlope;mfcc_sma_de[4]_stddevRisingSlope;mfcc_sma_de[4]_meanFallingSlope;mfcc_sma_de[4]_stddevFallingSlope;mfcc_sma_de[5]_flatness;mfcc_sma_de[5]_posamean;mfcc_sma_de[5]_rqmean;mfcc_sma_de[5]_meanPeakDist;mfcc_sma_de[5]_peakDistStddev;mfcc_sma_de[5]_peakRangeAbs;mfcc_sma_de[5]_peakRangeRel;mfcc_sma_de[5]_peakMeanAbs;mfcc_sma_de[5]_peakMeanMeanDist;mfcc_sma_de[5]_peakMeanRel;mfcc_sma_de[5]_minRangeRel;mfcc_sma_de[5]_meanRisingSlope;mfcc_sma_de[5]_stddevRisingSlope;mfcc_sma_de[5]_meanFallingSlope;mfcc_sma_de[5]_stddevFallingSlope;mfcc_sma_de[6]_flatness;mfcc_sma_de[6]_posamean;mfcc_sma_de[6]_rqmean;mfcc_sma_de[6]_meanPeakDist;mfcc_sma_de[6]_peakDistStddev;mfcc_sma_de[6]_peakRangeAbs;mfcc_sma_de[6]_peakRangeRel;mfcc_sma_de[6]_peakMeanAbs;mfcc_sma_de[6]_peakMeanMeanDist;mfcc_sma_de[6]_peakMeanRel;mfcc_sma_de[6]_minRangeRel;mfcc_sma_de[6]_meanRisingSlope;mfcc_sma_de[6]_stddevRisingSlope;mfcc_sma_de[6]_meanFallingSlope;mfcc_sma_de[6]_stddevFallingSlope;mfcc_sma_de[7]_flatness;mfcc_sma_de[7]_posamean;mfcc_sma_de[7]_rqmean;mfcc_sma_de[7]_meanPeakDist;mfcc_sma_de[7]_peakDistStddev;mfcc_sma_de[7]_peakRangeAbs;mfcc_sma_de[7]_peakRangeRel;mfcc_sma_de[7]_peakMeanAbs;mfcc_sma_de[7]_peakMeanMeanDist;mfcc_sma_de[7]_peakMeanRel;mfcc_sma_de[7]_minRangeRel;mfcc_sma_de[7]_meanRisingSlope;mfcc_sma_de[7]_stddevRisingSlope;mfcc_sma_de[7]_meanFallingSlope;mfcc_sma_de[7]_stddevFallingSlope;mfcc_sma_de[8]_flatness;mfcc_sma_de[8]_posamean;mfcc_sma_de[8]_rqmean;mfcc_sma_de[8]_meanPeakDist;mfcc_sma_de[8]_peakDistStddev;mfcc_sma_de[8]_peakRangeAbs;mfcc_sma_de[8]_peakRangeRel;mfcc_sma_de[8]_peakMeanAbs;mfcc_sma_de[8]_peakMeanMeanDist;mfcc_sma_de[8]_peakMeanRel;mfcc_sma_de[8]_minRangeRel;mfcc_sma_de[8]_meanRisingSlope;mfcc_sma_de[8]_stddevRisingSlope;mfcc_sma_de[8]_meanFallingSlope;mfcc_sma_de[8]_stddevFallingSlope;mfcc_sma_de[9]_flatness;mfcc_sma_de[9]_posamean;mfcc_sma_de[9]_rqmean;mfcc_sma_de[9]_meanPeakDist;mfcc_sma_de[9]_peakDistStddev;mfcc_sma_de[9]_peakRangeAbs;mfcc_sma_de[9]_peakRangeRel;mfcc_sma_de[9]_peakMeanAbs;mfcc_sma_de[9]_peakMeanMeanDist;mfcc_sma_de[9]_peakMeanRel;mfcc_sma_de[9]_minRangeRel;mfcc_sma_de[9]_meanRisingSlope;mfcc_sma_de[9]_stddevRisingSlope;mfcc_sma_de[9]_meanFallingSlope;mfcc_sma_de[9]_stddevFallingSlope;mfcc_sma_de[10]_flatness;mfcc_sma_de[10]_posamean;mfcc_sma_de[10]_rqmean;mfcc_sma_de[10]_meanPeakDist;mfcc_sma_de[10]_peakDistStddev;mfcc_sma_de[10]_peakRangeAbs;mfcc_sma_de[10]_peakRangeRel;mfcc_sma_de[10]_peakMeanAbs;mfcc_sma_de[10]_peakMeanMeanDist;mfcc_sma_de[10]_peakMeanRel;mfcc_sma_de[10]_minRangeRel;mfcc_sma_de[10]_meanRisingSlope;mfcc_sma_de[10]_stddevRisingSlope;mfcc_sma_de[10]_meanFallingSlope;mfcc_sma_de[10]_stddevFallingSlope;mfcc_sma_de[11]_flatness;mfcc_sma_de[11]_posamean;mfcc_sma_de[11]_rqmean;mfcc_sma_de[11]_meanPeakDist;mfcc_sma_de[11]_peakDistStddev;mfcc_sma_de[11]_peakRangeAbs;mfcc_sma_de[11]_peakRangeRel;mfcc_sma_de[11]_peakMeanAbs;mfcc_sma_de[11]_peakMeanMeanDist;mfcc_sma_de[11]_peakMeanRel;mfcc_sma_de[11]_minRangeRel;mfcc_sma_de[11]_meanRisingSlope;mfcc_sma_de[11]_stddevRisingSlope;mfcc_sma_de[11]_meanFallingSlope;mfcc_sma_de[11]_stddevFallingSlope;mfcc_sma_de[12]_flatness;mfcc_sma_de[12]_posamean;mfcc_sma_de[12]_rqmean;mfcc_sma_de[12]_meanPeakDist;mfcc_sma_de[12]_peakDistStddev;mfcc_sma_de[12]_peakRangeAbs;mfcc_sma_de[12]_peakRangeRel;mfcc_sma_de[12]_peakMeanAbs;mfcc_sma_de[12]_peakMeanMeanDist;mfcc_sma_de[12]_peakMeanRel;mfcc_sma_de[12]_minRangeRel;mfcc_sma_de[12]_meanRisingSlope;mfcc_sma_de[12]_stddevRisingSlope;mfcc_sma_de[12]_meanFallingSlope;mfcc_sma_de[12]_stddevFallingSlope;mfcc_sma_de[13]_flatness;mfcc_sma_de[13]_posamean;mfcc_sma_de[13]_rqmean;mfcc_sma_de[13]_meanPeakDist;mfcc_sma_de[13]_peakDistStddev;mfcc_sma_de[13]_peakRangeAbs;mfcc_sma_de[13]_peakRangeRel;mfcc_sma_de[13]_peakMeanAbs;mfcc_sma_de[13]_peakMeanMeanDist;mfcc_sma_de[13]_peakMeanRel;mfcc_sma_de[13]_minRangeRel;mfcc_sma_de[13]_meanRisingSlope;mfcc_sma_de[13]_stddevRisingSlope;mfcc_sma_de[13]_meanFallingSlope;mfcc_sma_de[13]_stddevFallingSlope;mfcc_sma_de[14]_flatness;mfcc_sma_de[14]_posamean;mfcc_sma_de[14]_rqmean;mfcc_sma_de[14]_meanPeakDist;mfcc_sma_de[14]_peakDistStddev;mfcc_sma_de[14]_peakRangeAbs;mfcc_sma_de[14]_peakRangeRel;mfcc_sma_de[14]_peakMeanAbs;mfcc_sma_de[14]_peakMeanMeanDist;mfcc_sma_de[14]_peakMeanRel;mfcc_sma_de[14]_minRangeRel;mfcc_sma_de[14]_meanRisingSlope;mfcc_sma_de[14]_stddevRisingSlope;mfcc_sma_de[14]_meanFallingSlope;mfcc_sma_de[14]_stddevFallingSlope
'unknown';0.000000;5.726061e-01;2.489083e-01;6.681223e-01;1.858627e-01;2.798158e-01;3.781197e-01;9.395312e-02;9.830388e-02;1.922570e-01;1.404706e-01;6.928958e-01;5.524253e-01;1.285763e-01;9.555975e-01;3.605620e+00;1.670000e-01;5.700000e-01;4.000000e-02;1.432515e-01;5.021834e-01;1.834061e-01;4.366812e-02;2.620087e-02;4.122807e-01;5.066079e-01;8.800980e-04;-1.267597e+00;1.744899e-01;5.774223e-02;2.379995e-02;1.895619e-02;1.652491e+00;2.532751e-01;6.681223e-01;8.903635e-01;1.000611e+00;1.116520e+00;1.102479e-01;1.159091e-01;2.261569e-01;6.112720e-01;2.164789e+00;1.553517e+00;2.590199e-01;1.983723e+00;9.792878e+00;1.140000e-01;4.200000e-01;3.000000e-02;9.393615e-02;4.803493e-01;4.366812e-02;2.620087e-02;1.310044e-02;4.473684e-01;5.550661e-01;1.175917e-02;-1.272313e+00;1.495744e-01;1.256229e-01;6.212931e-02;-5.682125e-02;3.301499e-02;2.532751e-01;8.471616e-01;5.963102e-03;1.075336e-02;1.482630e-02;4.790262e-03;4.072935e-03;8.863198e-03;4.646485e-03;3.592969e-02;3.128321e-02;7.412929e-03;1.395751e+00;4.731963e+00;9.999999e-02;2.700000e-01;4.000000e-02;6.987383e-02;3.973799e-01;1.179039e-01;4.366812e-02;3.056769e-02;4.166667e-01;5.330396e-01;1.877032e-06;-1.753776e+00;8.952600e-01;-4.797880e-02;-1.310848e-01;4.926131e-02;4.190972e-01;1.659389e-01;6.986899e-01;9.236111e-02;1.979167e-01;2.545139e-01;1.055556e-01;5.659722e-02;1.621528e-01;5.575000e-02;4.679167e-01;4.121667e-01;1.164632e-01;6.187180e-01;2.431920e+00;2.237500e-01;4.700000e-01;5.000000e-02;1.349942e-01;5.982533e-01;2.358079e-01;1.397380e-01;5.240175e-02;5.000000e-01;4.669603e-01;7.612688e-04;-1.230633e+00;1.316307e-01;1.041796e-01;6.628852e-02;-6.162846e-02;1.180156e-01;2.314411e-01;2.882096e-01;-1.035306e-02;-2.474162e-03;6.781978e-03;7.878894e-03;9.256139e-03;1.713503e-02;-4.295420e-02;5.737100e-02;1.003252e-01;1.719316e-02;6.948280e-01;5.283382e+00;1.700000e-01;4.700000e-01;3.000000e-02;1.446836e-01;9.126638e-01;2.139738e-01;3.056769e-02;1.310044e-02;5.043859e-01;5.198238e-01;9.342392e-06;-2.256207e+00;2.089248e+00;-7.365340e-01;-1.993012e-01;2.230857e-01;4.388447e-01;2.358079e-01;2.707424e-01;-3.297255e-02;-2.494741e-03;1.855786e-02;3.047781e-02;2.105260e-02;5.153041e-02;-1.510621e-01;2.177593e-01;3.688214e-01;6.095708e-02;1.046261e+00;7.309052e+00;1.527273e-01;5.500000e-01;3.000000e-02;1.455454e-01;8.864629e-01;1.179039e-01;1.746725e-02;8.733625e-03;5.175439e-01;5.198238e-01;2.100713e-05;-3.205438e+00;4.614061e+00;-3.663824e+00;1.592712e+00;-2.911706e-01;9.500969e-03;4.585153e-01;2.882096e-01;-7.429429e-04;-1.232450e-04;2.938719e-04;6.196979e-04;4.171169e-04;1.036815e-03;-3.734604e-03;4.474979e-03;8.209582e-03;1.404509e-03;6.607631e-01;5.661811e+00;1.610000e-01;5.300000e-01;3.000000e-02;1.610249e-01;9.606987e-01;3.100437e-01;6.550218e-02;2.183406e-02;5.350877e-01;5.286344e-01;3.191816e-08;-2.905423e+00;4.018179e+00;-3.259038e+00;1.534088e+00;-3.212890e-01;7.225695e-02;7.729257e-01;4.017467e-01;-7.118057e-03;2.430573e-04;8.020830e-03;7.361114e-03;7.777773e-03;1.513889e-02;-3.432917e-02;3.151528e-02;6.584445e-02;1.336765e-02;-2.801618e-01;3.421991e+00;1.333333e-01;4.300000e-01;3.000000e-02;1.362677e-01;9.213974e-01;5.196506e-01;6.550218e-02;1.746725e-02;4.868421e-01;5.154185e-01;4.019481e-06;-2.275663e+00;1.844118e+00;-1.545388e-01;-5.781186e-01;2.399349e-01;1.402054e-01;4.849785e-01;3.261802e-01;1.106205e-01;1.260280e-01;1.432979e-01;1.540750e-02;1.726988e-02;3.267738e-02;8.309637e-02;2.160407e-01;1.329443e-01;3.075802e-02;9.782083e-01;3.642120e+00;8.555555e-02;1.800000e-01;3.000000e-02;4.021547e-02;6.952789e-01;2.017167e-01;8.583691e-02;3.433476e-02;4.956897e-01;4.891775e-01;1.618850e-04;-1.319566e+00;2.321827e-01;1.506140e-01;4.046927e-02;-9.765136e-02;3.546060e-01;2.703863e-01;6.566523e-01;2.344107e-01;2.720484e-01;2.994278e-01;3.763764e-02;2.737945e-02;6.501709e-02;1.768623e-01;5.063014e-01;3.294391e-01;6.858019e-02;1.523967e+00;5.812006e+00;1.165000e-01;4.400000e-01;3.000000e-02;9.603515e-02;6.995708e-01;1.459228e-01;5.579399e-02;4.291845e-02;4.741379e-01;5.021645e-01;8.070801e-04;-1.273358e+00;2.030376e-01;1.354240e-01;2.058033e-02;-7.946459e-02;8.994391e-01;2.703863e-01;7.811159e-01;3.361341e-01;4.044007e-01;4.731432e-01;6.826660e-02;6.874254e-02;1.370091e-01;2.357204e-01;1.117112e+00;8.813918e-01;1.806274e-01;2.297307e+00;8.515262e+00;1.059091e-01;3.100000e-01;3.000000e-02;7.265479e-02;3.218884e-01;8.583691e-02;4.721030e-02;3.862661e-02;4.913793e-01;5.324675e-01;3.014654e-03;-1.430590e+00;3.438950e-01;1.807601e-01;2.266094e-02;-1.064943e-01;2.771208e+00;2.446352e-01;3.562232e-01;4.036387e-01;5.269690e-01;6.487066e-01;1.233303e-01;1.217377e-01;2.450679e-01;2.292486e-01;2.791646e+00;2.562397e+00;5.187279e-01;2.583643e+00;9.923810e+00;1.888889e-01;5.500000e-01;5.000000e-02;1.729769e-01;1.759657e-01;6.008584e-02;3.862661e-02;1.287554e-02;4.310345e-01;5.627705e-01;7.938528e-03;-1.806008e+00;8.364621e-01;1.671599e-01;-1.554072e-01;-2.810629e-02;4.748920e+00;2.446352e-01;3.562232e-01;4.372746e-01;6.548573e-01;8.030088e-01;2.175827e-01;1.481515e-01;3.657342e-01;2.558949e-01;4.547803e+00;4.291908e+00;7.472124e-01;3.174214e+00;1.495747e+01;1.536364e-01;5.500000e-01;3.000000e-02;1.807697e-01;1.330472e-01;3.004292e-02;2.145923e-02;1.287554e-02;4.181035e-01;5.367965e-01;1.184261e-02;-1.979551e+00;1.077688e+00;1.669938e-01;-2.538213e-01;3.716037e-03;4.803157e+00;2.489270e-01;3.562232e-01;5.322174e-01;7.616341e-01;1.008465e+00;2.294166e-01;2.468310e-01;4.762476e-01;2.984434e-01;4.668710e+00;4.370266e+00;7.665028e-01;3.184911e+00;1.484385e+01;1.837500e-01;5.500000e-01;3.000000e-02;1.816547e-01;1.287554e-01;3.862661e-02;2.145923e-02;1.287554e-02;4.784483e-01;5.670996e-01;1.295936e-02;-1.775772e+00;6.802443e-01;2.610287e-01;-8.282432e-02;-6.830952e-02;4.825603e+00;2.489270e-01;6.652361e-01;6.119532e-01;8.441970e-01;9.892270e-01;2.322438e-01;1.450300e-01;3.772738e-01;3.499445e-01;4.699650e+00;4.349706e+00;7.638682e-01;3.164085e+00;1.455910e+01;1.850000e-01;5.500000e-01;3.000000e-02;1.834394e-01;1.244635e-01;3.433476e-02;2.145923e-02;1.287554e-02;4.913793e-01;5.541126e-01;1.642707e-02;-1.693690e+00;5.321763e-01;2.784145e-01;4.076187e-02;-1.425262e-01;5.147631e+00;2.575107e-01;3.175966e-01;6.966676e-01;8.854372e-01;1.026947e+00;1.887696e-01;1.415102e-01;3.302798e-01;4.007233e-01;5.134880e+00;4.734156e+00;7.841945e-01;3.751434e+00;1.871544e+01;2.466667e-01;7.200000e-01;4.000000e-02;2.819968e-01;8.583691e-02;3.862661e-02;2.145923e-02;1.287554e-02;5.344828e-01;5.194805e-01;1.348842e-02;-1.664500e+00;4.711020e-01;2.580369e-01;6.331636e-02;-1.132417e-01;5.924887e+00;2.575107e-01;3.347639e-01;7.775545e-01;9.456174e-01;1.139178e+00;1.680629e-01;1.935602e-01;3.616232e-01;3.263407e-01;5.711824e+00;5.385483e+00;8.630750e-01;3.924713e+00;2.016121e+01;1.750000e-01;5.600000e-01;4.000000e-02;2.223173e-01;6.008584e-02;3.862661e-02;2.145923e-02;1.287554e-02;5.258621e-01;5.411255e-01;1.501881e-02;-1.710325e+00;5.240170e-01;2.794754e-01;4.152597e-02;-1.206039e-01;4.266740e+00;2.489270e-01;3.175966e-01;8.601423e-01;1.010996e+00;1.222769e+00;1.508536e-01;2.117728e-01;3.626264e-01;5.021307e-01;4.323534e+00;3.821403e+00;5.844539e-01;4.108267e+00;2.317952e+01;1.900000e-01;5.600000e-01;3.000000e-02;2.014944e-01;6.437768e-02;3.004292e-02;2.145923e-02;1.287554e-02;4.396552e-01;5.324675e-01;1.762285e-02;-1.637190e+00;5.081069e-01;2.495916e-01;2.010381e-02;-1.275333e-01;3.289300e+00;2.446352e-01;3.133047e-01;8.240244e-01;9.771152e-01;1.224730e+00;1.530907e-01;2.476152e-01;4.007059e-01;5.363376e-01;3.249856e+00;2.713518e+00;5.259180e-01;2.369381e+00;1.028402e+01;1.554545e-01;5.500000e-01;5.000000e-02;1.376665e-01;2.017167e-01;4.721030e-02;1.716738e-02;8.583691e-03;4.612069e-01;5.411255e-01;2.021226e-02;-1.627462e+00;5.622684e-01;2.484420e-01;-8.066386e-02;-9.022815e-02;3.201573e+00;3.862661e-01;7.510729e-01;8.010127e-01;1.085455e+00;1.443316e+00;2.844419e-01;3.578613e-01;6.423032e-01;4.779699e-01;3.301955e+00;2.823985e+00;5.548421e-01;1.515328e+00;6.144992e+00;1.250000e-01;5.100000e-01;3.000000e-02;1.108177e-01;3.690987e-01;7.296138e-02;2.145923e-02;1.287554e-02;4.870690e-01;5.757576e-01;2.043624e-02;-1.598556e+00;4.755824e-01;2.747825e-01;-1.490951e-03;-1.391260e-01;2.698578e+00;1.201717e-01;8.669528e-01;8.776116e-01;1.140806e+00;1.608875e+00;2.631942e-01;4.680696e-01;7.312638e-01;6.015770e-01;3.032795e+00;2.431218e+00;5.725372e-01;1.157118e+00;3.883117e+00;1.062500e-01;3.700000e-01;3.000000e-02;8.260410e-02;4.077253e-01;1.630901e-01;3.862661e-02;1.287554e-02;5.043104e-01;5.454546e-01;2.153793e-02;-1.509889e+00;3.810753e-01;2.473466e-01;7.828346e-02;-1.884189e-01;1.817497e+00;7.296138e-02;3.476395e-01;9.102454e-01;1.165717e+00;1.409758e+00;2.554718e-01;2.440405e-01;4.995123e-01;5.557938e-01;2.210487e+00;1.654693e+00;3.933363e-01;6.761682e-01;3.080198e+00;1.346667e-01;3.900000e-01;4.000000e-02;1.117060e-01;6.995708e-01;2.317597e-01;7.725322e-02;1.716738e-02;4.612069e-01;5.670996e-01;1.883012e-02;-1.336143e+00;2.199535e-01;1.780681e-01;4.967167e-02;-1.030756e-01;1.706907e+00;5.579399e-02;3.304721e-01;9.609939e-01;1.154114e+00;1.410619e+00;1.931202e-01;2.565050e-01;4.496252e-01;5.356150e-01;2.151582e+00;1.615968e+00;3.873569e-01;4.488831e-01;2.778287e+00;1.331250e-01;4.400000e-01;3.000000e-02;1.069298e-01;7.682403e-01;2.703863e-01;9.012876e-02;2.145923e-02;5.129310e-01;5.194805e-01;2.509160e-02;-1.234837e+00;1.381369e-01;1.180101e-01;2.799344e-02;-3.784625e-02;2.408377e+00;9.957082e-01;3.304721e-01;9.691877e-01;1.130242e+00;1.417655e+00;1.610547e-01;2.874120e-01;4.484668e-01;7.369918e-01;2.104290e+00;1.367299e+00;3.450530e-01;1.447965e+00;6.915184e+00;1.792308e-01;6.900000e-01;3.000000e-02;1.782592e-01;3.175966e-01;3.433476e-02;8.583691e-03;4.291845e-03;4.568965e-01;5.497835e-01;5.946378e-02;-1.035495e+00;8.400664e-02;5.813535e-02;-1.095594e-02;-7.897632e-02;2.302323e+00;7.467811e-01;4.506438e-01;1.006395e+00;1.256808e+00;1.580602e+00;2.504133e-01;3.237940e-01;5.742073e-01;7.453804e-01;2.784393e+00;2.039013e+00;4.378156e-01;1.138443e+00;4.457365e+00;1.718182e-01;5.200000e-01;4.000000e-02;1.641406e-01;4.678112e-01;1.072961e-01;2.575107e-02;1.287554e-02;4.396552e-01;5.584416e-01;2.628104e-02;-1.305793e+00;2.327205e-01;1.546597e-01;2.085228e-02;-9.387431e-02;4.315746e+00;5.579399e-01;4.248927e-01;9.865761e-01;1.211240e+00;1.867398e+00;2.246643e-01;6.561573e-01;8.808215e-01;7.240362e-01;4.018283e+00;3.294247e+00;6.419256e-01;2.015638e+00;9.719100e+00;2.044444e-01;6.200000e-01;3.000000e-02;1.731480e-01;2.789699e-01;2.575107e-02;1.287554e-02;8.583691e-03;4.310345e-01;5.411255e-01;3.246467e-02;-1.620341e+00;6.374229e-01;1.748965e-01;-1.363349e-01;-4.471488e-02;3.714638e+00;5.579399e-01;4.291846e-01;1.108692e+00;1.457878e+00;1.866616e+00;3.491858e-01;4.087383e-01;7.579241e-01;6.192666e-01;3.557107e+00;2.937840e+00;6.578512e-01;1.164348e+00;4.557626e+00;1.109524e-01;6.100000e-01;3.000000e-02;1.408446e-01;4.592275e-01;1.330472e-01;2.575107e-02;8.583691e-03;4.310345e-01;5.281385e-01;3.867430e-02;-1.536452e+00;4.882914e-01;2.090204e-01;-5.430177e-02;-9.633374e-02;2.644692e+00;5.622318e-01;4.334764e-01;1.141200e+00;1.451413e+00;1.852464e+00;3.102126e-01;4.010515e-01;7.112641e-01;6.732858e-01;2.770407e+00;2.097121e+00;4.978575e-01;6.318596e-01;3.056358e+00;1.123529e-01;5.100000e-01;3.000000e-02;1.382465e-01;6.351931e-01;1.974249e-01;2.145923e-02;8.583691e-03;4.870690e-01;5.324675e-01;3.742253e-02;-1.396831e+00;3.304255e-01;2.051391e-01;3.384498e-02;-1.634810e-01;1.494885e+00;4.849785e-01;6.523605e-01;1.043250e+00;1.417737e+00;1.622633e+00;3.744878e-01;2.048950e-01;5.793828e-01;7.679793e-01;2.086199e+00;1.318220e+00;3.415382e-01;4.987101e-02;2.123127e+00;1.347059e-01;5.200000e-01;3.000000e-02;1.267753e-01;7.124463e-01;4.077253e-01;7.725322e-02;1.287554e-02;5.000000e-01;5.670996e-01;3.512850e-02;-1.179723e+00;1.269565e-01;1.084097e-01;4.464487e-02;-9.030819e-02;2.039746e+00;7.896996e-01;6.394850e-01;9.875861e-01;1.213178e+00;1.422205e+00;2.255915e-01;2.090274e-01;4.346189e-01;7.755161e-01;2.402478e+00;1.626962e+00;3.453666e-01;1.509012e+00;6.521228e+00;9.583333e-02;4.000000e-01;3.000000e-02;8.245790e-02;4.206009e-01;6.008584e-02;2.575107e-02;8.583691e-03;5.086207e-01;5.281385e-01;1.981803e-02;-1.392996e+00;3.351653e-01;2.454341e-01;3.573060e-02;-2.168685e-01;2.380026e+00;7.854077e-01;4.206009e-01;7.542774e-01;1.001209e+00;1.269751e+00;2.469320e-01;2.685418e-01;5.154738e-01;5.678053e-01;2.663530e+00;2.095725e+00;4.921216e-01;1.449891e+00;4.764794e+00;1.431250e-01;7.900000e-01;3.000000e-02;1.960777e-01;3.175966e-01;1.201717e-01;4.291845e-02;1.287554e-02;4.655173e-01;5.411255e-01;1.493056e-02;-1.625186e+00;6.572971e-01;2.442392e-01;-1.583852e-01;-1.112922e-01;1.325635e+00;9.012876e-02;7.339056e-01;6.540659e-01;7.966049e-01;9.567587e-01;1.425390e-01;1.601538e-01;3.026928e-01;5.056765e-01;1.739518e+00;1.233841e+00;2.853275e-01;1.189938e+00;3.988526e+00;1.272222e-01;4.300000e-01;3.000000e-02;1.208675e-01;4.291846e-01;1.587983e-01;3.433476e-02;1.716738e-02;4.741379e-01;5.151515e-01;8.885747e-03;-1.437138e+00;3.493765e-01;1.955446e-01;3.459114e-02;-1.345540e-01;1.037483e+00;5.579399e-01;6.609442e-01;5.715362e-01;6.651962e-01;7.811971e-01;9.366000e-02;1.160008e-01;2.096608e-01;4.304198e-01;1.281423e+00;8.510032e-01;1.817057e-01;1.191261e+00;4.647696e+00;1.071429e-01;2.800000e-01;3.000000e-02;7.017955e-02;4.721030e-01;1.201717e-01;2.145923e-02;4.291845e-03;4.439655e-01;5.064935e-01;6.358744e-03;-1.322249e+00;2.521513e-01;1.466609e-01;3.344951e-02;-1.020532e-01;1.106764e+00;5.579399e-01;6.437768e-01;4.823430e-01;5.394424e-01;6.282313e-01;5.709937e-02;8.878899e-02;1.458884e-01;3.597269e-01;1.203043e+00;8.433163e-01;1.728802e-01;2.049675e+00;8.160257e+00;1.358333e-01;2.600000e-01;4.000000e-02;6.726296e-02;2.489270e-01;6.866953e-02;1.287554e-02;8.583691e-03;4.741379e-01;5.411255e-01;5.249316e-03;-1.431239e+00;3.837432e-01;1.692975e-01;-1.989029e-02;-9.188253e-02;1.185609e-01;2.703863e-01;1.673820e-01;3.290098e-04;6.996482e-04;1.171793e-02;3.706383e-04;1.101828e-02;1.138892e-02;1.031574e-04;1.093194e-01;1.092163e-01;2.544252e-02;2.564044e+00;8.944267e+00;2.050000e-01;5.500000e-01;3.000000e-02;1.774120e-01;1.416309e-01;7.725322e-02;3.862661e-02;1.287554e-02;4.137931e-01;5.454546e-01;1.624385e-05;-1.948448e+00;1.060534e+00;4.874156e-01;-9.511254e-01;3.899793e-01;5.389552e-02;4.721030e-02;6.523605e-01;3.369525e-04;6.235355e-04;4.901144e-03;2.865830e-04;4.277608e-03;4.564191e-03;7.154270e-05;4.639472e-02;4.632317e-02;8.771960e-03;3.189827e+00;1.450896e+01;6.142857e-02;1.300000e-01;3.000000e-02;3.043896e-02;9.012876e-02;4.291845e-02;1.716738e-02;1.287554e-02;4.310345e-01;5.281385e-01;4.461438e-06;-1.484687e+00;5.687620e-01;3.626276e-01;-6.894140e-01;2.782071e-01;3.052083e+03;1.673820e-01;6.738197e-01;125;1.770833e+02;3.020833e+02;5.208333e+01;1.250000e+02;1.770833e+02;7.291666e+01;2.442917e+03;2.370000e+03;7.731865e+02;1.668191e+00;4.046506e+00;1.250000e-01;3.500000e-01;3.000000e-02;1.306713e-01;1.931330e-01;1.716738e-01;1.287554e-02;4.291845e-03;3.922414e-01;4.675325e-01;1.361287e+04;-1.502477e+00;7.209386e-01;-2.400690e-02;-5.469347e-01;3.676000e-01;4.281250e+03;1.072961e-01;8.927039e-01;1.979167e+02;3.333333e+02;1.395833e+03;1.354167e+02;1.062500e+03;1.197917e+03;125;4.222917e+03;4.097917e+03;1.072266e+03;1.521349e+00;4.248361e+00;1.972727e-01;7.700000e-01;3.000000e-02;2.250693e-01;2.660944e-01;1.845494e-01;4.721030e-02;2.145923e-02;4.008621e-01;4.588745e-01;7.825401e+04;-1.200571e+00;7.892580e-02;5.632944e-01;-5.791832e-01;1.607437e-01;5.208333e+03;1.716738e-01;6.652361e-01;3.854167e+02;1.104167e+03;2.729167e+03;7.187500e+02;1.625000e+03;2.343750e+03;1.804167e+02;5.157500e+03;4.977083e+03;1.598997e+03;8.226175e-01;2.324142e+00;1.238889e-01;4.800000e-01;3.000000e-02;1.246836e-01;4.463519e-01;2.446352e-01;1.502146e-01;5.150215e-02;4.482759e-01;4.761905e-01;3.726718e+05;-1.154878e+00;8.500626e-02;4.680233e-01;-3.020945e-01;-6.437044e-02;5.489583e+03;3.905579e-01;6.609442e-01;6.041667e+02;3.010417e+03;4500;2.406250e+03;1.489583e+03;3.895833e+03;3.158333e+02;5.542500e+03;5.226667e+03;1.894941e+03;5.547885e-03;1.438736e+00;1.059091e-01;4.200000e-01;3.000000e-02;1.041703e-01;6.266094e-01;5.021459e-01;2.703863e-01;1.287554e-01;4.525862e-01;4.588745e-01;3.486140e+05;-1.302478e+00;1.282249e-01;5.926293e-01;-3.232448e-01;-7.834544e-02;1.584117e-01;2.575107e-01;0;4.087090e-02;6.836230e-02;9.512679e-02;2.749140e-02;2.676448e-02;5.425588e-02;2.498633e-02;1.625676e-01;1.375812e-01;3.355610e-02;6.931244e-01;2.842638e+00;1.146667e-01;3.600000e-01;3.000000e-02;8.920887e-02;5.321888e-01;1.845494e-01;3.433476e-02;4.291845e-03;4.827586e-01;4.978355e-01;9.921101e-05;-1.306738e+00;7.712762e-02;6.863766e-01;-5.432689e-01;9.671088e-02;3.701599e+03;1.673820e-01;6.609442e-01;4.221512e+02;9.105129e+02;1.765794e+03;4.883617e+02;8.552810e+02;1.343643e+03;3.133144e+02;3.829630e+03;3.516315e+03;9.815061e+02;1.001883e+00;2.882562e+00;1.066667e-01;5.000000e-01;3.000000e-02;1.173247e-01;4.248927e-01;2.188841e-01;9.442060e-02;1.716738e-02;5.172414e-01;5.238096e-01;6.730195e+04;-1.254550e+00;1.697445e-01;3.629036e-01;-2.099324e-01;-5.411798e-02;3.155935e+00;2.017167e-01;5.021459e-01;3.736729e+00;4.256294e+00;4.841425e+00;5.195656e-01;5.851307e-01;1.104696e+00;3.137911e+00;6.014011e+00;2.876100e+00;7.625203e-01;5.762146e-01;2.415267e+00;1.009524e-01;2.700000e-01;3.000000e-02;7.373729e-02;7.768241e-01;3.605150e-01;1.502146e-01;7.296138e-02;5.086207e-01;4.675325e-01;2.547593e-01;-1.102443e+00;1.032069e-01;1.518918e-01;-4.509281e-02;-1.017791e-01;5.274842e+06;3.905579e-01;4.978541e-01;5.356051e+05;2014627;2.977033e+06;1479022;9.624058e+05;2.441428e+06;1.224612e+05;4.935604e+06;4.813142e+06;1373113;3.296700e-01;1.985147e+00;1.184210e-01;4.700000e-01;3.000000e-02;1.251636e-01;5.751073e-01;3.218884e-01;6.437768e-02;2.145923e-02;5.560345e-01;5.021645e-01;257295941632;-1.356972e+00;3.033746e-01;4.308737e-01;-2.894184e-01;-6.149667e-02;1.326415e+01;4.978541e-01;1.072961e-01;7.350618e-01;2.040468e+00;5.389571e+00;1.305406e+00;3.349103e+00;4.654509e+00;-5.391033e-01;1.115743e+01;1.169654e+01;3.046836e+00;9.207385e-01;3.029727e+00;1.457143e-01;5.800000e-01;3.000000e-02;1.666354e-01;4.463519e-01;2.145923e-01;5.150215e-02;8.583691e-03;4.482759e-01;5.238096e-01;3.337922e-01;-1.680671e+00;5.567533e-01;6.961085e-01;-6.816047e-01;1.246102e-01;2.155645e+02;4.978541e-01;8.497854e-01;3.004462e+00;7.752277e+00;3.790300e+01;4.747815e+00;3.015072e+01;3.489854e+01;1.339936e+00;1.729996e+02;1.716596e+02;3.910694e+01;2.179854e+00;7.937880e+00;1.425000e-01;9.600000e-01;3.000000e-02;2.484997e-01;1.802575e-01;5.150215e-02;1.287554e-02;4.291845e-03;4.525862e-01;5.584416e-01;9.860130e+01;-1.603561e+00;4.716144e-01;7.116130e-01;-6.331000e-01;9.263759e-02;2.767557e-02;1.673820e-01;2.703863e-01;-3.816067e-03;-1.061253e-03;-6.079171e-04;2.754814e-03;4.533358e-04;3.208150e-03;-2.513638e-02;-1.319330e-04;2.500444e-02;5.510608e-03;-2.617860e+00;9.637243e+00;2.050000e-01;5.500000e-01;3.000000e-02;1.786757e-01;9.656652e-01;9.270386e-01;8.583691e-01;6.609442e-01;5.646552e-01;5.021645e-01;8.222225e-07;-1.874880e+00;9.817315e-01;3.747582e-01;-7.920953e-01;3.459809e-01;2.300202e+00;1.673820e-01;6.609442e-01;4.033597e-01;6.401457e-01;1.147429e+00;2.367861e-01;5.072829e-01;7.440690e-01;2.692322e-01;2.461650e+00;2.192417e+00;5.949813e-01;1.090133e+00;3.067268e+00;1.066667e-01;5.000000e-01;3.000000e-02;1.171215e-01;4.120172e-01;2.145923e-01;1.030043e-01;2.145923e-02;5.043104e-01;5.151515e-01;2.629297e-02;-1.246688e+00;1.728592e-01;3.431283e-01;-2.034885e-01;-5.348663e-02;5.595678e-02;2.532189e-01;7.725322e-01;9.026313e-04;3.157026e-03;7.732662e-03;2.254395e-03;4.575636e-03;6.830031e-03;3.942269e-04;5.291957e-02;5.252535e-02;1.119410e-02;2.594026e+00;9.668752e+00;1.525000e-01;3.800000e-01;3.000000e-02;1.360836e-01;1.330472e-01;5.579399e-02;3.862661e-02;2.145923e-02;4.353448e-01;5.238096e-01;3.753962e-06;-1.815251e+00;7.955610e-01;6.730320e-01;-1.040440e+00;4.216207e-01;4.526876e+01;6.995708e-01;1.673820e-01;-1.093099e+00;6.515337e+00;1.736905e+01;7.608437e+00;1.085371e+01;1.846215e+01;-1.586999e+01;2.657833e+01;4.244832e+01;1.187979e+01;-6.297117e-02;1.967402e+00;1.330769e-01;4.000000e-01;3.000000e-02;1.038034e-01;8.197425e-01;5.708154e-01;2.703863e-01;1.416309e-01;4.827586e-01;4.545455e-01;1.833683e+00;-1.863330e+00;7.683513e-01;7.926963e-01;-1.037903e+00;3.544740e-01;3.781641e+01;9.313304e-01;1.330472e-01;8.119919e+00;1.699331e+01;2.387529e+01;8.873388e+00;6.881983e+00;1.575537e+01;-2.360966e+00;3.149952e+01;3.386049e+01;9.294104e+00;-2.487721e-01;1.982929e+00;1.210526e-01;3.700000e-01;3.000000e-02;1.008331e-01;8.454936e-01;5.836910e-01;2.060086e-01;3.004292e-02;5.086207e-01;5.151515e-01;5.078619e+00;-1.288532e+00;1.708309e-01;4.201886e-01;-4.340264e-01;1.415317e-01;6.748917e+01;1.931330e-01;6.051502e-01;2.084302e+01;3.549392e+01;4.530046e+01;1.465090e+01;9.806541e+00;2.445744e+01;-3.836604e+00;5.924232e+01;6.307892e+01;1.496633e+01;-3.734770e-01;2.400596e+00;1.933333e-01;3.900000e-01;4.000000e-02;9.893882e-02;9.356223e-01;6.180258e-01;2.532189e-01;4.721030e-02;5.172414e-01;4.891775e-01;2.690934e+01;-1.135407e+00;4.416144e-02;1.147758e-01;-4.402449e-02;3.462332e-02;7.809032e+01;6.866953e-02;2.532189e-01;-8.748030e+00;2.337440e+00;1.211405e+01;1.108547e+01;9.776611e+00;2.086208e+01;-4.005266e+01;2.838617e+01;6.843883e+01;1.515493e+01;-5.162658e-01;3.256241e+00;1.500000e-01;3.100000e-01;3.000000e-02;9.751457e-02;9.356223e-01;6.995708e-01;1.759657e-01;1.716738e-02;4.784483e-01;5.064935e-01;1.073163e+01;-1.406573e+00;3.219958e-01;3.881505e-01;-3.516406e-01;8.743107e-02;6.857663e+01;9.699571e-01;7.038627e-01;-6.693084e-01;8.012337e+00;1.665378e+01;8.681645e+00;8.641439e+00;1.732308e+01;-1.415679e+01;5.056760e+01;6.472439e+01;1.535804e+01;7.924116e-01;3.124758e+00;1.443750e-01;4.900000e-01;3.000000e-02;1.266377e-01;6.995708e-01;2.274678e-01;9.871244e-02;2.575107e-02;5.517241e-01;4.805195e-01;1.321490e+01;-1.320394e+00;3.291110e-01;2.385366e-01;-3.517019e-01;1.315234e-01;7.039721e+01;3.519313e-01;5.064378e-01;-3.232811e+01;-2.384750e+01;-1.366040e+01;8.480608e+00;1.018710e+01;1.866771e+01;-5.572240e+01;1.107923e+01;6.680164e+01;1.534786e+01;2.542969e-01;2.606981e+00;1.246667e-01;3.600000e-01;3.000000e-02;8.468504e-02;8.669528e-01;4.334764e-01;1.630901e-01;4.291845e-02;5.517241e-01;5.367965e-01;1.783984e+01;-1.383649e+00;1.695304e-01;5.771538e-01;-3.821319e-01;3.776170e-02;9.507330e+01;7.725322e-02;4.120172e-01;-5.283556e+00;8.915366e+00;2.379107e+01;1.419892e+01;1.487571e+01;2.907463e+01;-2.629319e+01;6.043596e+01;8.672916e+01;2.181464e+01;3.310264e-01;2.372672e+00;1.285714e-01;4.200000e-01;3.000000e-02;1.029464e-01;7.467811e-01;3.133047e-01;1.072961e-01;2.575107e-02;4.827586e-01;5.324675e-01;2.360219e+01;-1.366588e+00;2.942181e-01;4.176008e-01;-3.315251e-01;1.052075e-02;5.611728e+01;9.399142e-01;1.287554e-02;-1.437062e+01;-4.601037e+00;5.113172e+00;9.769585e+00;9.714209e+00;1.948379e+01;-2.854863e+01;2.111175e+01;4.966039e+01;1.252156e+01;-8.147321e-03;2.176738e+00;1.104762e-01;3.400000e-01;3.000000e-02;9.872888e-02;8.154507e-01;5.021459e-01;1.244635e-01;3.004292e-02;5.301724e-01;4.761905e-01;1.764629e+01;-1.224297e+00;2.151711e-01;3.882765e-01;-3.813366e-01;5.903895e-02;5.624356e+01;3.776824e-01;9.914163e-01;-1.553866e+01;-7.957367e+00;2.835031e-01;7.581291e+00;8.240870e+00;1.582216e+01;-3.865555e+01;1.092107e+01;4.957661e+01;1.155321e+01;-4.881142e-01;3.072855e+00;1.352941e-01;4.000000e-01;3.000000e-02;1.057810e-01;9.399142e-01;6.866953e-01;2.789699e-01;5.150215e-02;5.043104e-01;4.675325e-01;1.937198e+01;-1.236308e+00;2.240713e-01;3.128259e-01;-2.926728e-01;5.288306e-02;5.904175e+01;4.721030e-02;1.244635e-01;-9.964506e+00;-5.700377e-01;7.436878e+00;9.394468e+00;8.006916e+00;1.740138e+01;-3.085921e+01;2.441830e+01;5.527751e+01;1.258268e+01;-2.271419e-01;2.610988e+00;1.650000e-01;4.600000e-01;3.000000e-02;1.253424e-01;8.755365e-01;5.622318e-01;1.373391e-01;3.433476e-02;5.172414e-01;4.718615e-01;1.656765e+01;-1.295826e+00;2.713919e-01;4.869917e-01;-6.580822e-01;2.809855e-01;6.345874e+01;1.587983e-01;7.811159e-01;-6.289700e+00;9.844880e-01;1.116916e+01;7.274188e+00;1.018468e+01;1.745886e+01;-2.083464e+01;3.534277e+01;5.617741e+01;1.403259e+01;5.153462e-01;2.585380e+00;1.745455e-01;6.700000e-01;3.000000e-02;1.721185e-01;8.497854e-01;3.648069e-01;1.416309e-01;3.433476e-02;5.043104e-01;4.761905e-01;1.012279e+01;-1.359866e+00;3.965935e-01;4.214406e-01;-6.547405e-01;2.271318e-01;7.547980e+01;7.381974e-01;4.721030e-02;-7.921999e+00;2.472480e-01;5.521937e+00;8.169247e+00;5.274689e+00;1.344394e+01;-3.770914e+01;3.157307e+01;6.928221e+01;1.455996e+01;-2.557487e-01;3.185879e+00;3.314286e-01;1.160000e+00;3.000000e-02;3.554646e-01;8.841202e-01;5.965665e-01;9.871244e-02;2.575107e-02;4.870690e-01;5.151515e-01;1.923870e+01;-1.195694e+00;2.108883e-01;2.308539e-01;-2.610284e-01;7.163830e-02;5.576700e+01;5.150214e-01;2.360515e-01;-7.490824e+00;-2.627334e-01;9.139262e+00;7.228091e+00;9.401996e+00;1.663009e+01;-1.556149e+01;3.675858e+01;5.232008e+01;1.167569e+01;8.253299e-01;3.308548e+00;1.425000e-01;5.600000e-01;3.000000e-02;1.636498e-01;5.965665e-01;2.188841e-01;3.433476e-02;2.145923e-02;5.129310e-01;5.108225e-01;8.087972e+00;-1.472336e+00;4.937339e-01;3.831100e-01;-5.477133e-01;1.922645e-01;4.340022e+01;4.721030e-02;5.407726e-01;-1.693962e+00;2.137957e+00;6.139631e+00;3.831919e+00;4.001674e+00;7.833593e+00;-2.051571e+01;1.782874e+01;3.834444e+01;7.461122e+00;-4.478073e-01;4.007861e+00;1.988889e-01;6.300000e-01;4.000000e-02;1.996911e-01;9.570816e-01;7.424893e-01;1.287554e-01;3.433476e-02;5.172414e-01;4.935065e-01;6.803096e+00;-1.344194e+00;2.797477e-01;6.269081e-01;-6.906893e-01;2.258831e-01;4.323725e-02;4.163090e-01;3.090129e-01;-4.683989e-03;-5.504988e-04;4.450337e-03;4.133490e-03;5.000836e-03;9.134326e-03;-1.603596e-02;2.103893e-02;3.707489e-02;7.385295e-03;4.082491e-01;3.742506e+00;9.687500e-02;3.700000e-01;3.000000e-02;9.757809e-02;8.497854e-01;3.047210e-01;3.433476e-02;1.287554e-02;4.698276e-01;5.021645e-01;1.444142e-06;-2.441102e+00;2.591393e+00;-1.264713e+00;1.473085e-01;9.267938e-02;8.970518e-02;4.120172e-01;2.875536e-01;-9.112233e-03;-2.269879e-04;8.286919e-03;8.885246e-03;8.513906e-03;1.739915e-02;-3.823887e-02;3.708048e-02;7.531935e-02;1.487658e-02;2.627881e-02;3.745786e+00;1.420000e-01;6.100000e-01;3.000000e-02;1.659799e-01;9.527897e-01;5.665236e-01;8.154506e-02;2.145923e-02;5.129310e-01;4.588745e-01;4.649578e-06;-2.658593e+00;3.226101e+00;-2.078716e+00;6.784227e-01;-6.949358e-02;3.138010e-01;2.317597e-01;2.875536e-01;-1.588846e-02;-8.919358e-04;1.492759e-02;1.499653e-02;1.581953e-02;3.081605e-02;-1.223228e-01;1.255818e-01;2.479046e-01;4.003710e-02;3.519547e-01;7.013083e+00;1.350000e-01;5.400000e-01;3.000000e-02;1.676305e-01;9.613734e-01;3.090129e-01;3.862661e-02;8.583691e-03;5.431035e-01;5.151515e-01;2.822334e-05;-2.609602e+00;2.915508e+00;-1.534496e+00;2.507226e-01;6.641166e-02;9.368061e-01;2.317597e-01;2.875536e-01;-3.031751e-02;-4.996404e-03;2.101827e-02;2.532111e-02;2.601467e-02;5.133578e-02;-2.843636e-01;4.352343e-01;7.195979e-01;1.087715e-01;1.637652e+00;1.125538e+01;1.720000e-01;5.500000e-01;3.000000e-02;1.887750e-01;9.055794e-01;7.296138e-02;1.287554e-02;8.583691e-03;5.517241e-01;4.891775e-01;1.610288e-04;-2.775688e+00;3.387911e+00;-2.144538e+00;6.452241e-01;-4.107590e-02;1.605833e+00;2.317597e-01;2.575107e-01;-4.099181e-02;-4.700410e-03;2.061806e-02;3.629139e-02;2.531847e-02;6.160987e-02;-5.047008e-01;7.142946e-01;1.218995e+00;1.731495e-01;1.640136e+00;1.342226e+01;1.900000e-01;5.500000e-01;3.000000e-02;1.855622e-01;9.313304e-01;7.296138e-02;1.287554e-02;8.583691e-03;5.646552e-01;5.541126e-01;2.340600e-04;-3.020080e+00;4.069001e+00;-2.976767e+00;1.174187e+00;-1.861009e-01;1.358558e+00;2.360515e-01;2.618026e-01;-4.725665e-02;-7.831454e-05;3.401675e-02;4.717834e-02;3.409506e-02;8.127339e-02;-4.363742e-01;6.716794e-01;1.108054e+00;1.550618e-01;1.398044e+00;1.188757e+01;2.850000e-01;5.500000e-01;4.000000e-02;2.112463e-01;9.356223e-01;8.583691e-02;1.716738e-02;1.287554e-02;5.732759e-01;5.108225e-01;1.374573e-04;-3.102877e+00;4.234290e+00;-3.125136e+00;1.227796e+00;-1.900987e-01;1.504417e+00;2.360515e-01;2.618026e-01;-4.375520e-02;0;3.873520e-02;4.375520e-02;3.873520e-02;8.249041e-02;-5.297249e-01;6.861660e-01;1.215891e+00;1.660790e-01;1.027846e+00;1.167556e+01;2.483333e-01;5.500000e-01;3.000000e-02;2.069957e-01;9.442060e-01;1.030043e-01;1.716738e-02;8.583691e-03;6.034483e-01;4.761905e-01;3.636379e-04;-2.419232e+00;2.097253e+00;-3.368039e-01;-5.469400e-01;2.805812e-01;1.440473e+00;2.403433e-01;2.703863e-01;-4.049091e-02;2.847588e-03;4.016335e-02;4.333850e-02;3.731576e-02;8.065426e-02;-5.972878e-01;6.366718e-01;1.233960e+00;1.543274e-01;1.623184e-01;1.289113e+01;1.725000e-01;5.500000e-01;3.000000e-02;2.182172e-01;9.742489e-01;6.051502e-01;2.575107e-02;1.287554e-02;5.172414e-01;4.978355e-01;2.052880e-04;-2.633803e+00;2.767397e+00;-1.236325e+00;9.083152e-03;1.548379e-01;1.585044e+00;2.446352e-01;2.703863e-01;-3.709207e-02;3.186911e-03;2.824088e-02;4.027898e-02;2.505397e-02;6.533295e-02;-6.361636e-01;7.473691e-01;1.383533e+00;1.723495e-01;7.267056e-01;1.382983e+01;2.400000e-01;5.600000e-01;5.000000e-02;2.275961e-01;9.613734e-01;1.630901e-01;2.145923e-02;1.716738e-02;5.301724e-01;5.021645e-01;1.773381e-04;-2.835964e+00;3.309156e+00;-1.833801e+00;3.438232e-01;6.751814e-02;1.561812e+00;2.360515e-01;2.618026e-01;-4.288791e-02;-8.010554e-03;3.902365e-02;3.487736e-02;4.703420e-02;8.191156e-02;-5.293574e-01;6.521263e-01;1.181484e+00;1.442205e-01;1.194831e+00;1.881370e+01;2.200000e-01;5.500000e-01;4.000000e-02;2.336664e-01;9.785408e-01;8.154506e-02;1.716738e-02;8.583691e-03;5.258621e-01;5.454546e-01;9.640581e-05;-3.325374e+00;5.009133e+00;-4.220695e+00;1.993760e+00;-4.173500e-01;1.276018e+00;2.317597e-01;2.532189e-01;-4.962861e-02;-4.997671e-03;2.940103e-02;4.463094e-02;3.439870e-02;7.902963e-02;-3.791273e-01;5.464694e-01;9.255967e-01;1.394226e-01;1.182527e+00;1.053714e+01;1.880000e-01;5.500000e-01;3.000000e-02;1.976259e-01;9.699571e-01;1.330472e-01;2.145923e-02;8.583691e-03;5.603448e-01;5.367965e-01;1.760231e-04;-3.073998e+00;4.308737e+00;-3.323743e+00;1.390455e+00;-2.395614e-01;1.000100e+00;3.733906e-01;3.991416e-01;-6.041453e-02;-2.026439e-04;5.409630e-02;6.021189e-02;5.429895e-02;1.145108e-01;-3.107657e-01;4.337448e-01;7.445106e-01;1.418923e-01;4.789575e-01;5.431507e+00;1.323077e-01;5.400000e-01;3.000000e-02;1.447626e-01;9.098712e-01;2.575107e-01;3.862661e-02;1.287554e-02;5.818965e-01;5.151515e-01;1.100412e-04;-3.282112e+00;4.900230e+00;-4.069171e+00;1.877674e+00;-3.790580e-01;7.611641e-01;4.549356e-01;4.806867e-01;-5.087044e-02;-2.025914e-03;4.422830e-02;4.884453e-02;4.625422e-02;9.509875e-02;-3.179047e-01;3.683134e-01;6.862181e-01;1.284884e-01;4.150857e-01;4.371696e+00;9.444445e-02;5.200000e-01;3.000000e-02;1.233433e-01;8.841202e-01;2.575107e-01;5.579399e-02;1.716738e-02;5.344828e-01;4.891775e-01;1.278708e-04;-3.061536e+00;4.309028e+00;-3.392502e+00;1.519384e+00;-3.035317e-01;5.254180e-01;6.437768e-02;8.154506e-02;-4.700985e-02;-6.243932e-03;3.656929e-02;4.076592e-02;4.281322e-02;8.357914e-02;-1.879896e-01;2.048078e-01;3.927974e-01;8.605854e-02;3.827468e-01;3.902459e+00;1.005882e-01;5.600000e-01;3.000000e-02;1.398516e-01;9.227468e-01;3.562232e-01;7.725322e-02;8.583691e-03;5.603448e-01;5.194805e-01;1.027714e-04;-2.708176e+00;3.248361e+00;-1.959323e+00;4.909267e-01;3.938445e-02;4.754941e-01;4.549356e-01;7.210301e-01;-3.874414e-02;8.503198e-05;4.363213e-02;3.882917e-02;4.354709e-02;8.237627e-02;-2.256960e-01;2.178495e-01;4.435455e-01;8.416472e-02;-1.059149e-01;3.705094e+00;1.017647e-01;6.600000e-01;3.000000e-02;1.447202e-01;9.270386e-01;5.622318e-01;1.115880e-01;2.575107e-02;5.344828e-01;4.848485e-01;3.119199e-04;-1.990769e+00;1.425493e+00;-9.350100e-02;-4.288693e-01;2.285105e-01;6.825322e-01;9.871244e-01;6.437768e-01;-4.466926e-02;-2.920729e-03;3.605093e-02;4.174853e-02;3.897166e-02;8.072019e-02;-1.736952e-01;3.984931e-01;5.721883e-01;9.373032e-02;1.841849e+00;9.531680e+00;8.884615e-02;2.300000e-01;3.000000e-02;4.790430e-02;7.081545e-01;7.296138e-02;1.716738e-02;8.583691e-03;5.387931e-01;4.891775e-01;1.128602e-03;-1.504440e+00;6.676804e-01;2.032818e-01;-2.058635e-01;2.127551e-02;6.996258e-01;5.493562e-01;5.665236e-01;-4.404538e-02;-6.205487e-03;3.558327e-02;3.783989e-02;4.178876e-02;7.962865e-02;-2.346702e-01;3.304042e-01;5.650744e-01;9.562053e-02;7.386152e-01;6.197219e+00;2.287500e-01;6.500000e-01;3.000000e-02;2.463451e-01;9.227468e-01;1.888412e-01;3.004292e-02;8.583691e-03;5.560345e-01;5.021645e-01;2.547058e-04;-2.308010e+00;2.212689e+00;-7.411095e-01;-2.527034e-01;2.520500e-01;1.861633e+00;5.493562e-01;5.665236e-01;-4.715510e-02;-1.050986e-02;3.280836e-02;3.664524e-02;4.331822e-02;7.996347e-02;-5.192474e-01;6.996773e-01;1.218925e+00;1.614786e-01;9.777793e-01;1.958116e+01;4.566667e-01;1.290000e+00;3.000000e-02;5.893122e-01;9.828326e-01;1.115880e-01;1.287554e-02;4.291845e-03;5.344828e-01;5.238096e-01;2.522210e-04;-3.147803e+00;4.699072e+00;-4.028226e+00;1.975839e+00;-4.294301e-01;1.653250e+00;5.493562e-01;5.665236e-01;-7.007567e-02;-7.540357e-03;5.245598e-02;6.253531e-02;5.999634e-02;1.225317e-01;-4.621100e-01;5.891734e-01;1.051283e+00;1.637234e-01;5.702083e-01;1.175895e+01;4.566667e-01;1.290000e+00;3.000000e-02;5.893122e-01;9.828326e-01;2.403433e-01;1.287554e-02;8.583691e-03;5.517241e-01;5.151515e-01;3.441879e-04;-2.921627e+00;3.963842e+00;-2.968352e+00;1.205157e+00;-1.872658e-01;1.106397e+00;5.536481e-01;5.708154e-01;-7.050395e-02;-2.936900e-03;7.312230e-02;6.756705e-02;7.605920e-02;1.436262e-01;-3.453765e-01;3.551781e-01;7.005546e-01;1.295320e-01;4.914920e-01;6.798135e+00;4.600000e-01;1.300000e+00;4.000000e-02;5.939697e-01;9.742489e-01;2.961373e-01;1.287554e-02;8.583691e-03;5.387931e-01;4.891775e-01;2.865270e-04;-2.603308e+00;3.060849e+00;-1.737845e+00;3.583031e-01;7.902063e-02;4.575089e-01;4.334764e-01;8.669528e-01;-4.678327e-02;2.755666e-03;5.579853e-02;4.953893e-02;5.304287e-02;1.025818e-01;-2.078417e-01;2.042250e-01;4.120667e-01;8.293632e-02;-1.453936e-01;3.292354e+00;1.235294e-01;5.400000e-01;3.000000e-02;1.510334e-01;9.313304e-01;5.364807e-01;8.154506e-02;2.145923e-02;5.560345e-01;4.935065e-01;1.388218e-04;-2.488128e+00;2.631787e+00;-1.144719e+00;-4.178959e-02;1.802041e-01;8.038589e-01;7.768241e-01;7.982833e-01;-6.049066e-02;3.243452e-03;5.335931e-02;6.373411e-02;5.011585e-02;1.138500e-01;-2.535401e-01;3.068739e-01;5.604140e-01;1.028446e-01;4.204465e-01;6.052262e+00;2.750000e-01;1.280000e+00;3.000000e-02;4.031749e-01;9.141631e-01;2.017167e-01;1.287554e-02;8.583691e-03;5.603448e-01;5.151515e-01;3.166372e-04;-2.099660e+00;1.679926e+00;-5.333483e-02;-6.281680e-01;3.044084e-01;8.976045e-01;7.768241e-01;7.939914e-01;-5.238592e-02;-3.771758e-03;4.893980e-02;4.861416e-02;5.271156e-02;1.013257e-01;-3.260748e-01;3.744169e-01;7.004917e-01;1.181472e-01;6.428673e-01;6.627800e+00;1.761539e-01;1.010000e+00;3.000000e-02;2.727788e-01;9.098712e-01;1.416309e-01;1.287554e-02;8.583691e-03;5.603448e-01;5.108225e-01;8.400259e-05;-3.260303e+00;4.958772e+00;-4.225454e+00;2.018778e+00;-4.438043e-01;4.000520e-01;6.866953e-02;5.708154e-01;-3.919685e-02;-4.133499e-03;3.881067e-02;3.506335e-02;4.294417e-02;7.800752e-02;-1.430315e-01;1.869032e-01;3.299347e-01;6.874444e-02;3.954262e-01;3.786562e+00;1.331250e-01;7.100000e-01;3.000000e-02;2.032154e-01;9.012876e-01;3.648069e-01;6.866953e-02;2.145923e-02;5.129310e-01;4.935065e-01;3.458067e-05;-3.206862e+00;4.729882e+00;-3.887792e+00;1.774634e+00;-3.570957e-01;3.702539e-01;5.493562e-01;5.665236e-01;-2.464700e-02;-2.861178e-03;2.068754e-02;2.178583e-02;2.354872e-02;4.533454e-02;-1.406949e-01;1.185908e-01;2.592856e-01;4.717194e-02;-1.097144e-01;6.078638e+00;1.580000e-01;5.600000e-01;3.000000e-02;1.680357e-01;9.828326e-01;7.596567e-01;8.154506e-02;8.583691e-03;5.172414e-01;5.194805e-01;2.971164e-05;-2.946102e+00;4.059787e+00;-3.135848e+00;1.343034e+00;-2.371661e-01;4.917353e-01;5.493562e-01;5.665236e-01;-1.696745e-02;-4.973710e-04;1.421517e-02;1.647007e-02;1.471254e-02;3.118262e-02;-1.448607e-01;1.635174e-01;3.083780e-01;5.093272e-02;-2.782661e-02;1.024567e+01;3.425000e-01;9.600000e-01;3.000000e-02;3.757243e-01;9.742489e-01;5.021459e-01;1.716738e-02;8.583691e-03;5.646552e-01;4.761905e-01;2.310994e-05;-3.172547e+00;4.746947e+00;-4.054246e+00;1.964781e+00;-4.168148e-01;4.387599e-02;4.935622e-01;2.789699e-01;-4.210623e-04;-3.554414e-05;7.508379e-05;3.855181e-04;1.106279e-04;4.961460e-04;-2.026830e-02;1.751012e-02;3.777841e-02;5.632108e-03;-2.458227e-01;8.983603e+00;1.366667e-01;5.400000e-01;3.000000e-02;1.732692e-01;9.699571e-01;8.583691e-01;6.008584e-02;3.004292e-02;5.818965e-01;5.194805e-01;1.131875e-06;-2.324456e+00;2.335156e+00;-9.964941e-01;-5.121613e-02;1.718874e-01;1.739004e-02;3.862661e-02;6.866953e-02;-1.343573e-04;-2.354362e-05;8.047211e-05;1.108137e-04;1.040157e-04;2.148294e-04;-4.687417e-03;7.974632e-03;1.266205e-02;1.611752e-03;2.793320e+00;2.378248e+01;5.500000e-02;8.000000e-02;3.000000e-02;2.061553e-02;9.527897e-01;2.575107e-02;1.716738e-02;4.291845e-03;5.603448e-01;5.108225e-01;2.253566e-07;-1.837057e+00;1.375431e+00;1.157659e-02;-7.195553e-01;3.963006e-01;9.604166e+02;1.287554e-02;1.931330e-01;-1.458333e+01;-2.083325e+00;1.562500e+01;1.250001e+01;1.770832e+01;3.020833e+01;-3.216667e+02;360;6.816667e+02;8.755720e+01;1.749861e+00;2.184608e+01;1.060000e-01;3.500000e-01;3.000000e-02;1.227355e-01;9.613734e-01;3.433476e-02;1.287554e-02;8.583691e-03;5.043104e-01;4.761905e-01;9.354856e+02;-1.780402e+00;1.519161e+00;-6.074358e-01;-1.445210e-01;1.901514e-01;1.043750e+03;9.871244e-02;1.158798e-01;-2.291667e+01;-4.166669e+00;1.979167e+01;1.875000e+01;2.395834e+01;4.270834e+01;-4.615417e+02;4.586250e+02;9.201667e+02;1.678857e+02;8.532940e-02;5.051949e+00;1.147368e-01;5.000000e-01;3.000000e-02;1.424363e-01;8.969957e-01;1.759657e-01;7.296138e-02;1.287554e-02;5.000000e-01;4.891775e-01;5.132422e+03;-1.443101e+00;7.648121e-01;3.280937e-01;-6.089774e-01;2.944508e-01;2.438542e+03;7.725322e-01;7.896996e-01;-7.083333e+01;-1.525879e-06;1.270834e+02;7.083333e+01;1.270834e+02;1.979167e+02;-1.017875e+03;1.063958e+03;2.081833e+03;3.636862e+02;-4.163786e-02;5.381299e+00;1.766667e-01;7.500000e-01;3.000000e-02;2.232836e-01;9.442060e-01;4.806867e-01;6.866953e-02;1.716738e-02;4.956897e-01;5.064935e-01;1.344955e+04;-1.573808e+00;8.821629e-01;4.446397e-01;-6.853731e-01;2.933128e-01;2.705208e+03;5.450644e-01;3.991416e-01;-8.854170e+01;-3.125003e+00;1.343750e+02;8.541670e+01;1.375000e+02;2.229167e+02;-1.222167e+03;1.181208e+03;2.403375e+03;4.178443e+02;-1.491783e-01;4.969098e+00;1.528571e-01;5.300000e-01;3.000000e-02;1.602867e-01;9.570816e-01;7.124463e-01;7.296138e-02;1.716738e-02;5.086207e-01;5.367965e-01;1.333691e+04;-1.751861e+00;1.100494e+00;3.070401e-01;-6.679943e-01;2.700679e-01;4.364528e-02;2.231760e-01;2.660944e-01;-4.216307e-03;-3.399421e-04;2.677637e-03;3.876365e-03;3.017579e-03;6.893945e-03;-1.499486e-02;2.103688e-02;3.603174e-02;6.999143e-03;6.613860e-01;4.446403e+00;1.300000e-01;4.200000e-01;3.000000e-02;1.334166e-01;9.356223e-01;3.433476e-01;5.579399e-02;2.575107e-02;5.000000e-01;5.411255e-01;5.772169e-06;-1.620502e+00;8.892252e-01;3.338653e-01;-5.924624e-01;1.979810e-01;9.676193e+02;7.725322e-01;8.583691e-01;-4.813957e+01;4.348065e+00;7.479321e+01;5.248763e+01;7.044514e+01;1.229328e+02;-4.289868e+02;3.949621e+02;8.239490e+02;1.547424e+02;-2.244170e-01;4.431116e+00;1.406667e-01;5.400000e-01;3.000000e-02;1.749845e-01;9.313304e-01;5.236052e-01;5.150215e-02;1.287554e-02;5.603448e-01;5.367965e-01;2.258375e+03;-1.696681e+00;1.046765e+00;2.470080e-01;-5.620562e-01;2.174016e-01;1.211783e+00;5.450644e-01;3.991416e-01;-8.386531e-02;1.094022e-02;1.011399e-01;9.480552e-02;9.019971e-02;1.850052e-01;-5.117027e-01;3.882259e-01;8.999286e-01;1.729107e-01;-5.799591e-01;4.489486e+00;1.800000e-01;5.100000e-01;3.000000e-02;1.739383e-01;9.785408e-01;7.639485e-01;9.871244e-02;1.287554e-02;4.956897e-01;4.978355e-01;2.993130e-03;-1.704543e+00;1.165423e+00;1.410448e-01;-5.844837e-01;3.053428e-01;2.428570e+06;7.725322e-01;3.991416e-01;-1.335370e+05;2.972170e+04;1.800784e+05;1.632587e+05;1.503567e+05;3.136153e+05;-1.098363e+06;8.939145e+05;1.992277e+06;3.693220e+05;-4.780510e-01;4.922935e+00;1.715385e-01;9.400000e-01;3.000000e-02;2.541001e-01;9.570816e-01;7.682403e-01;9.442060e-02;3.004292e-02;5.732759e-01;4.978355e-01;9321517056;-1.835841e+00;1.308016e+00;1.283748e-01;-6.308834e-01;3.051349e-01;4.300518e+00;4.034335e-01;4.291846e-01;-2.693186e-01;-2.716103e-02;1.901045e-01;2.421575e-01;2.172655e-01;4.594231e-01;-1.573459e+00;2.065802e+00;3.639261e+00;6.460494e-01;7.784986e-01;5.806227e+00;1.450000e-01;9.400000e-01;3.000000e-02;2.572450e-01;8.884120e-01;1.931330e-01;4.721030e-02;1.287554e-02;4.827586e-01;5.238096e-01;2.008483e-02;-1.965378e+00;1.490297e+00;-5.219594e-02;-4.994354e-01;2.584483e-01;9.121091e+01;4.892704e-01;5.064378e-01;-2.051513e+00;-4.990634e-02;1.450531e+00;2.001607e+00;1.500437e+00;3.502044e+00;-3.275695e+01;3.770668e+01;7.046362e+01;1.083602e+01;6.667049e-01;9.127895e+00;1.537500e-01;9.500000e-01;3.000000e-02;3.010788e-01;9.484978e-01;1.502146e-01;3.862661e-02;8.583691e-03;5.344828e-01;5.151515e-01;6.307564e+00;-1.865752e+00;1.334579e+00;1.097256e-01;-6.027787e-01;3.175063e-01;9.269981e-03;2.789699e-01;4.506438e-01;-8.832411e-05;2.702328e-05;2.692829e-04;1.153474e-04;2.422596e-04;3.576070e-04;-3.554986e-03;3.936607e-03;7.491593e-03;1.156993e-03;2.972193e-01;9.215624e+00;1.344444e-01;5.400000e-01;3.000000e-02;1.576290e-01;9.399142e-01;1.072961e-01;2.145923e-02;8.583691e-03;4.439655e-01;4.805195e-01;5.293604e-08;-2.255740e+00;2.175440e+00;-8.680106e-01;-1.097527e-01;1.907170e-01;5.956548e-01;7.725322e-01;7.896996e-01;-3.218547e-02;4.188806e-04;4.618382e-02;3.260435e-02;4.576494e-02;7.836929e-02;-2.471760e-01;2.350007e-01;4.821767e-01;9.384347e-02;-1.389774e-01;4.348607e+00;1.500000e-01;5.400000e-01;3.000000e-02;1.817769e-01;9.356223e-01;4.978541e-01;5.150215e-02;8.583691e-03;5.172414e-01;5.324675e-01;8.525713e-04;-1.688766e+00;1.058115e+00;2.197699e-01;-5.406861e-01;2.163856e-01;2.067585e-02;2.360515e-01;2.832618e-01;-5.657718e-04;-5.541956e-05;1.195546e-04;5.103522e-04;1.749741e-04;6.853263e-04;-9.182476e-03;7.961559e-03;1.714404e-02;2.364577e-03;-3.203572e-01;1.033859e+01;1.657143e-01;5.400000e-01;3.000000e-02;1.867663e-01;9.828326e-01;8.884120e-01;5.150215e-02;1.716738e-02;5.775862e-01;5.238096e-01;2.417747e-07;-2.149547e+00;1.828610e+00;-3.154657e-01;-5.787537e-01;3.540280e-01;1.148699e+01;5.622318e-01;5.450644e-01;-1.009489e+00;-1.522961e-01;7.839429e-01;8.571932e-01;9.362389e-01;1.793432e+00;-3.364833e+00;5.236779e+00;8.601612e+00;1.764478e+00;9.393648e-01;4.720069e+00;1.292857e-01;5.400000e-01;3.000000e-02;1.348790e-01;9.098712e-01;2.532189e-01;6.008584e-02;8.583691e-03;4.310345e-01;5.324675e-01;1.367296e-01;-2.118508e+00;1.735920e+00;-2.483956e-01;-5.091270e-01;2.871980e-01;7.232349e+00;6.437768e-01;3.690987e-01;-8.404688e-01;2.244067e-01;8.858806e-01;1.064875e+00;6.614740e-01;1.726349e+00;-3.245047e+00;2.491117e+00;5.736165e+00;1.297150e+00;-3.928412e-01;2.969283e+00;9.695652e-02;2.600000e-01;3.000000e-02;7.380555e-02;9.785408e-01;7.081545e-01;2.060086e-01;3.433476e-02;5.215517e-01;4.761905e-01;2.193613e-01;-1.598504e+00;8.950786e-01;2.571763e-01;-6.253206e-01;3.093195e-01;1.379233e+01;7.210301e-01;2.274678e-01;-1.182444e+00;3.822632e-02;1.370677e+00;1.220671e+00;1.332450e+00;2.553121e+00;-6.772791e+00;4.581734e+00;1.135452e+01;2.271643e+00;-5.379245e-01;4.048129e+00;1.205263e-01;5.500000e-01;3.000000e-02;1.314083e-01;9.656652e-01;7.553648e-01;1.587983e-01;2.575107e-02;5.301724e-01;5.021645e-01;3.788249e-01;-1.765887e+00;1.052695e+00;1.504412e-01;-5.745592e-01;3.003294e-01;1.398452e+01;6.223176e-01;3.948498e-01;-1.731070e+00;-2.357256e-01;1.619144e+00;1.495344e+00;1.854869e+00;3.350214e+00;-7.040045e+00;4.531222e+00;1.157127e+01;2.413106e+00;-4.134134e-01;3.548455e+00;9.304348e-02;3.700000e-01;3.000000e-02;7.629661e-02;9.742489e-01;7.467811e-01;2.274678e-01;4.291845e-02;5.000000e-01;4.935065e-01;4.280877e-01;-1.904206e+00;1.381347e+00;-2.547207e-02;-5.603071e-01;2.852857e-01;1.165818e+01;4.120172e-01;9.785408e-01;-1.071808e+00;2.398080e-01;1.600109e+00;1.311616e+00;1.360301e+00;2.671917e+00;-5.798510e+00;4.482101e+00;1.028061e+01;2.255025e+00;-4.807000e-01;3.247698e+00;8.592592e-02;3.000000e-01;3.000000e-02;6.940271e-02;9.227468e-01;6.909871e-01;1.673820e-01;3.862661e-02;5.000000e-01;4.891775e-01;5.891551e-01;-1.700409e+00;1.206468e+00;-3.648162e-02;-4.648820e-01;2.943721e-01;2.009031e+01;5.407726e-01;5.622318e-01;-1.628554e+00;2.552051e-02;1.892399e+00;1.654074e+00;1.866878e+00;3.520953e+00;-9.700054e+00;8.590107e+00;1.829016e+01;3.243369e+00;-2.365725e-01;4.204116e+00;1.516667e-01;5.800000e-01;3.000000e-02;1.660237e-01;9.484978e-01;6.266094e-01;7.296138e-02;1.716738e-02;5.086207e-01;5.021645e-01;8.638316e-01;-1.767834e+00;1.069408e+00;2.670649e-01;-6.372370e-01;2.805312e-01;1.876841e+01;4.206009e-01;2.188841e-01;-2.364357e+00;1.835060e-01;2.410700e+00;2.547863e+00;2.227194e+00;4.775058e+00;-8.351238e+00;6.690972e+00;1.504221e+01;3.411885e+00;-2.746184e-01;2.971234e+00;1.288889e-01;3.500000e-01;3.000000e-02;1.055614e-01;9.742489e-01;6.866953e-01;1.974249e-01;3.433476e-02;5.387931e-01;4.675325e-01;1.165177e+00;-1.699332e+00;1.102827e+00;1.221893e-01;-4.619057e-01;2.031081e-01;1.397248e+01;4.334764e-01;6.824034e-01;-1.397523e+00;2.086674e-01;1.809332e+00;1.606190e+00;1.600665e+00;3.206855e+00;-5.765549e+00;6.572842e+00;1.233839e+01;2.576851e+00;-5.342995e-02;3.174886e+00;1.173684e-01;4.700000e-01;3.000000e-02;1.251879e-01;9.098712e-01;5.236052e-01;9.442060e-02;2.145923e-02;5.000000e-01;5.108225e-01;8.974923e-01;-1.580080e+00;9.850842e-01;2.238426e-01;-5.712388e-01;2.703947e-01;1.338358e+01;6.866953e-02;8.197425e-01;-1.599647e+00;-1.427041e-01;1.413338e+00;1.456943e+00;1.556042e+00;3.012985e+00;-6.003395e+00;6.456286e+00;1.245968e+01;2.505776e+00;2.035543e-01;3.348349e+00;1.221053e-01;6.400000e-01;3.000000e-02;1.471333e-01;8.755365e-01;4.034335e-01;7.296138e-02;2.575107e-02;5.344828e-01;5.021645e-01;7.107161e-01;-1.712085e+00;1.164797e+00;5.816758e-02;-5.083415e-01;2.466115e-01;1.420446e+01;6.523605e-01;7.339056e-01;-1.798530e+00;8.752079e-02;2.125984e+00;1.886051e+00;2.038463e+00;3.924514e+00;-6.539173e+00;5.512995e+00;1.205217e+01;2.787078e+00;-2.267343e-01;2.755536e+00;8.178572e-02;4.300000e-01;3.000000e-02;9.509595e-02;9.527897e-01;6.480687e-01;2.188841e-01;3.862661e-02;5.172414e-01;5.151515e-01;9.974926e-01;-1.683391e+00;1.234262e+00;-1.553920e-01;-3.568404e-01;2.544668e-01;1.134908e+01;6.008584e-02;4.034335e-01;-1.203826e+00;-1.234053e-01;1.602988e+00;1.080421e+00;1.726393e+00;2.806815e+00;-5.231492e+00;4.281449e+00;9.512941e+00;2.199610e+00;-2.015479e-01;2.857421e+00;9.625000e-02;5.200000e-01;3.000000e-02;1.010698e-01;9.055794e-01;5.922747e-01;1.373391e-01;2.145923e-02;5.000000e-01;4.978355e-01;6.684609e-01;-1.627169e+00;1.123320e+00;4.613331e-02;-5.220855e-01;3.019058e-01;1.117008e+01;6.351931e-01;7.725322e-02;-1.697655e+00;-1.355436e-01;1.769480e+00;1.562112e+00;1.905023e+00;3.467135e+00;-4.852260e+00;5.301569e+00;1.015383e+01;2.486722e+00;1.868622e-01;2.480616e+00;9.869565e-02;6.400000e-01;3.000000e-02;1.291209e-01;8.154507e-01;3.819743e-01;1.201717e-01;2.575107e-02;5.129310e-01;5.064935e-01;7.183753e-01;-1.694464e+00;1.093191e+00;1.465373e-01;-5.970969e-01;2.857906e-01;1.394440e+01;5.579399e-01;5.321888e-01;-1.571707e+00;1.058749e-01;1.494083e+00;1.677582e+00;1.388208e+00;3.065790e+00;-6.182460e+00;4.519600e+00;1.070206e+01;2.281917e+00;-1.955184e-01;3.298439e+00;1.261111e-01;6.500000e-01;3.000000e-02;1.535556e-01;9.828326e-01;6.523605e-01;1.373391e-01;8.583691e-03;4.741379e-01;4.935065e-01;4.647291e-01;-1.790814e+00;1.356618e+00;-1.241328e-01;-4.369484e-01;3.014399e-01;1.046255e+01;5.450644e-01;1.072961e-01;-1.376708e+00;1.072356e-01;1.207364e+00;1.483944e+00;1.100129e+00;2.584073e+00;-4.938406e+00;4.515581e+00;9.453987e+00;2.010278e+00;-5.488623e-02;2.898732e+00;1.131579e-01;3.500000e-01;3.000000e-02;9.503753e-02;8.969957e-01;5.193133e-01;1.030043e-01;1.716738e-02;4.913793e-01;5.064935e-01;6.067930e-01;-1.555861e+00;9.587644e-01;1.431258e-01;-4.578026e-01;2.125742e-01;9.695157e+01;9.916239e-01;9.695157e+01;9.769268e+01;3.735827e+01;2.142857e-01;9.285714e-01;-2.097506e-02;1.028748e+00;3.872296e-02;-1.004443e-03;2.020708e-02;7.542004e-01;2.133124e-02;4.598232e-01;9.486314e+01;1.001716e+02;1.044309e+02;5.308418e+00;4.259338e+00;9.567757e+00;7.468563e+01;1.118641e+02;3.717850e+01;1.201052e+01;-8.941486e-01;2.477671e+00;7.857143e-01;7.857143e-01;4.285714e-01;1.428571e-01;3.902439e-01;4.500000e-01;4.014241e+02;-9.899813e-01;-4.420200e-04;-3.431465e-03;6.649942e-03;9.563780e-03;6.496427e-01;9.933767e-01;6.496427e-01;6.535444e-01;3.254289e-01;4.598214e-01;1.250000e-01;1.766592e-03;4.468544e-01;3.496311e-02;-2.553376e-05;7.460621e-03;2.361753e-01;2.584497e-02;5.142866e-01;6.265860e-01;6.688063e-01;6.867157e-01;4.222029e-02;1.790941e-02;6.012970e-02;4.556416e-01;7.597595e-01;3.041179e-01;7.130693e-02;-1.040826e+00;3.669567e+00;9.107143e-01;8.169643e-01;2.767857e-01;1.116071e-01;4.798206e-01;4.729730e-01;4.004620e-03;-1.028868e+00;2.137852e-02;2.847929e-02;2.129918e-02;-3.762583e-02;2.196316e-02;7.352684e-01;2.196316e-02;3.144074e-02;1.095774e-01;0;8.666667e-01;-1.060853e-02;3.054045e-01;3.372184e-02;7.667339e-04;-3.284381e-02;4.091692e-01;3.109106e-02;3.511616e-01;9.057244e-03;1.367974e-02;2.395743e-02;4.622495e-03;1.027769e-02;1.490018e-02;5.854894e-03;1.040037e-01;9.814877e-02;2.249755e-02;2.790030e+00;1.102478e+01;1.333333e-01;6.666667e-02;3.333334e-02;3.333334e-02;4.827586e-01;3.928571e-01;5.136013e-04;-7.378865e-01;3.364027e-01;-2.623573e-01;6.658760e-02;-1.689487e-01;1.930724e-02;6.658776e-01;1.930724e-02;2.874334e-02;9.875498e-02;0;9.230769e-01;-1.624508e-02;3.695785e-01;3.164695e-02;1.735653e-03;-5.963641e-02;5.431438e-01;2.405547e-02;3.010024e-01;6.933420e-03;1.361197e-02;1.703632e-02;6.678554e-03;3.424341e-03;1.010290e-02;2.863050e-03;9.322483e-02;9.036178e-02;2.129343e-02;2.611055e+00;9.745591e+00;1.538462e-01;7.692308e-02;3.846154e-02;3.846154e-02;3.600000e-01;4.583333e-01;4.731292e-04;-5.805945e-01;2.264346e-01;-2.205989e-01;-5.758342e-02;-1.393609e-01;1.548484e-01;8.163987e-01;1.548484e-01;1.793828e-01;4.242181e-01;0;2.702703e-01;2.319643e-03;2.821653e-01;4.495284e-02;9.701079e-04;-3.260424e-02;4.858880e-01;3.518978e-02;5.060662e-01;8.677492e-02;1.270274e-01;2.134761e-01;4.025251e-02;8.644864e-02;1.267011e-01;2.254254e-02;3.906264e-01;3.680839e-01;9.055468e-02;8.358196e-01;3.789139e+00;5.135135e-01;1.891892e-01;2.702703e-02;2.702703e-02;4.722222e-01;6.000000e-01;1.012520e-02;-7.652576e-01;-3.885491e-02;3.028660e-02;-6.864496e-02;-1.443087e-02;-7.988355e+01;7.916535e-01;9.380249e+00;8.939667e+01;1.149407e+02;4.868421e-01;0;-5.449080e-04;2.368629e-01;1.206075e-01;-3.661190e-05;7.765994e-03;-7.618104e-02;1.004856e-01;5.100744e-01;-100;-100;-100;0;0;0;-100;1.390063e+01;1.139006e+02;4.012957e+01;1.628608e+00;3.828066e+00;2.192982e-01;1.842105e-01;1.491228e-01;1.447368e-01;1.453744e-01;1.194690e-01;1.792289e+02;-1.384922e+00;3.055936e-01;2.483363e-01;-1.244968e-01;-2.777490e-02;2.676163e-03;4.403107e-01;1.258621e-02;1.095382e-02;4.154249e-02;1.470588e-01;5.294118e-01;-1.346491e-02;5.436482e-01;4.792538e-02;1.119595e-03;-5.041156e-02;7.406969e-01;3.865955e-02;2.862659e-01;-2.676025e-03;-5.189481e-04;4.514817e-03;2.157077e-03;5.033765e-03;7.190842e-03;-1.036649e-02;3.066069e-02;4.102718e-02;1.062188e-02;1.409902e+00;4.150475e+00;4.705882e-01;1.764706e-01;1.176471e-01;5.882353e-02;5.151515e-01;5.937500e-01;5.672483e-06;-1.896827e+00;1.268028e+00;-2.890919e-01;1.035735e-01;-1.054356e-01;4.802845e-06;2.371981e-01;2.142003e-04;4.843044e-04;5.499600e-03;0;1.777778e-02;4.964872e-06;4.925751e-01;7.754006e-03;-9.141296e-07;2.097299e-04;4.849647e-01;7.742110e-03;1.521037e-01;-4.583359e-05;-2.039581e-06;4.266352e-05;4.379401e-05;4.470310e-05;8.849711e-05;-2.275441e-03;1.684652e-03;3.960093e-03;4.842806e-04;-8.465020e-01;2.066953e+01;9.866667e-01;2.533333e-01;1.333333e-02;4.444445e-03;4.732143e-01;5.022421e-01;1.307908e-07;-5.695157e-01;3.699845e-01;1.547946e-01;6.211671e-02;-1.023791e-01;-2.982934e-05;2.488415e-01;3.139082e-05;1.196673e-04;5.520118e-04;5.217391e-01;4.347826e-02;1.328837e-02;6.815984e-01;3.630567e-02;-2.639591e-03;7.135937e-02;4.783498e-01;2.557580e-02;1.847417e-01;-9.258527e-06;-1.750590e-06;2.162570e-05;7.507937e-06;2.337629e-05;3.088423e-05;-4.219889e-04;6.416072e-05;4.861496e-04;1.158899e-04;-2.790505e+00;1.088368e+01;9.565217e-01;9.565217e-01;8.695652e-01;3.043478e-01;5.000000e-01;4.761905e-01;6.836192e-09;-1.000850e+00;8.062570e-01;-4.396767e-01;2.392887e-01;-8.742040e-02;-3.114575e-05;3.512108e-01;2.256819e-05;9.190052e-05;4.043837e-04;1.578947e-01;5.263158e-02;1.907892e-02;5.833205e-01;3.479515e-02;-4.093878e-03;9.276871e-02;3.745327e-01;2.282863e-02;1.730571e-01;-2.156635e-05;-3.804393e-06;7.804319e-06;1.776195e-05;1.160871e-05;2.937067e-05;-3.035264e-04;6.070405e-05;3.642304e-04;8.646183e-05;-2.356223e+00;8.543112e+00;9.473684e-01;8.947368e-01;7.894737e-01;1.052632e-01;5.000000e-01;2.941177e-01;3.912947e-09;-1.015648e+00;9.479509e-01;-6.520979e-01;2.444445e-01;-9.511584e-02;-1.457363e-04;5.631540e-01;1.102692e-04;3.694898e-04;1.735461e-03;5.517241e-01;3.448276e-02;1.358658e-02;5.874872e-01;2.535535e-02;-1.310565e-03;5.028240e-02;4.223560e-01;1.864648e-02;2.657114e-01;-2.145116e-04;-4.724699e-05;5.891016e-05;1.672646e-04;1.061572e-04;2.734218e-04;-1.311513e-03;2.256429e-04;1.537156e-03;3.395345e-04;-2.340192e+00;9.431955e+00;9.655172e-01;9.310345e-01;7.241379e-01;2.068966e-01;5.357143e-01;5.185185e-01;5.885344e-08;-9.938225e-01;4.706985e-01;-6.711100e-02;-5.558947e-02;-3.806654e-02;1.686624e-02;3.861299e-01;1.416549e-01;1.827105e-01;9.470266e-01;3.076923e-02;2.461538e-01;-2.849123e-03;5.127315e-01;3.404770e-02;1.339713e-04;-1.142329e-02;6.027603e-01;3.226987e-02;3.730361e-01;-9.237151e-02;8.114784e-04;1.040460e-01;9.318299e-02;1.032345e-01;1.964175e-01;-3.819658e-01;5.628319e-01;9.447977e-01;1.819303e-01;5.913543e-01;4.255333e+00;8.307692e-01;2.769231e-01;6.153846e-02;3.076923e-02;3.906250e-01;4.920635e-01;1.658917e-03;-2.048057e+00;1.619070e+00;-2.263875e-01;-4.105562e-01;2.242059e-01;1.826087e-01;9.500000e-02;1.500000e-01;3.000000e-02;4.500000e-02;2.974298e-01;9.159059e-01;3.240604e-01;2.266667e-01;1.491457e-01;4.230917e-01;7.388878e-01;4.313422e-01;1.339124e-01;1.450232e+00;4.746121e-01;1.987028e+00;1.348508e+00;1.320214e+00;5.906513e-01;-2.596983e-01;5.807720e-01;2.048837e-02;7.138166e-04;-2.613401e-01;5.813987e-01;2.048829e-02;4.015938e-01;1.028431e+00;9.735820e-01;1.060285e+00;2.583333e-01;1.839157e-01;1.250591e+00;7.567911e-01;1.393550e+00;3.651184e-01;1.355025e+00;1.559958e-01;8.157065e+00;5.538692e+00;3.336649e+00;1.754526e+00;-6.740101e-02;3.408723e-01;2.234477e-02;5.907369e-03;-8.098795e-02;3.460580e-01;2.233925e-02;4.769880e-01;1.215147e-02;8.506920e-01;1.423373e-02;1.975000e-01;1.357848e-01;2.128009e-02;6.445582e-01;2.234060e-02;1.018913e-02;1.838510e+00;4.619285e-01;1.995303e-01;9.725539e-02;1.086664e-01;5.089749e-02;-1.642580e-01;4.251228e-01;3.840752e-02;-1.155182e-01;1.014338e-01;3.237171e-01;3.629678e-02;4.119279e-01;2.038826e-01;8.356310e-01;2.345884e-01;2.512500e-01;1.480234e-01;3.402777e-01;8.119304e-01;2.839892e-01;8.010659e-02;1.392905e+00;7.804475e-01;1.068834e+00;1.991679e-01;1.152072e+00;7.183807e-01;-2.070324e-01;5.961500e-01;5.759406e-02;4.332178e-01;-1.203433e+00;9.764431e-01;2.790836e-02;4.159145e-01;1.321073e-01;9.753794e-01;1.356206e-01;1.538461e-01;8.755725e-02;9.420180e-02;6.718843e-01;1.561445e-01;2.403724e-02;1.181952e+00;3.966648e-01;6.870221e-01;4.204359e-01;6.639707e-01;3.784253e-01;-3.789868e-02;4.105406e-01;4.721146e-02;-1.134718e-01;2.230864e-01;3.109313e-01;4.517484e-02;4.900929e-01;2.809598e-01;9.742667e-01;2.892530e-01;1.414286e-01;7.982123e-02;2.780921e-01;7.842283e-01;3.257197e-01;4.475993e-02;1.159311e+00;3.972428e-01;1.503127e+00;9.635800e-01;1.446616e+00;6.888334e-01;-5.432908e-02;4.164579e-01;3.629436e-02;-5.870497e-02;8.069235e-02;3.649247e-01;3.574925e-02;4.846360e-01;4.430514e-01;9.412714e-01;4.787410e-01;2.055555e-01;1.243551e-01;6.506112e-01;7.233521e-01;6.271894e-01;1.841380e-01;1.415613e+00;2.303995e-01;4.283456e+00;3.497590e+00;3.005542e+00;1.844201e+00;-6.146468e-02;3.085406e-01;3.898613e-02;-6.549923e-02;8.918355e-02;2.510432e-01;3.830754e-02;4.738159e-01;6.720243e-01;8.290346e-01;8.502908e-01;3.420000e-01;2.420248e-01;2.336968e+00;8.433030e-01;1.484582e+00;8.125577e-01;2.209120e+00;1.143858e-01;9.413665e+00;6.065258e+00;7.236593e+00;5.626678e+00;-6.593529e-02;2.385664e-01;3.340434e-02;-8.417083e-02;1.276576e-01;1.646784e-01;3.228372e-02;4.454966e-01;8.471002e-01;7.986469e-01;1.131483e+00;2.675000e-01;1.882651e-01;4.032106e+00;8.490576e-01;2.446949e+00;1.599849e+00;2.888618e+00;8.345185e-02;1.371232e+01;6.482341e+00;1.370258e+01;8.073850e+00;-5.746488e-02;1.954035e-01;2.348151e-02;-7.293004e-02;1.102742e-01;1.313830e-01;2.264021e-02;4.358222e-01;9.472592e-01;8.255377e-01;1.220502e+00;3.340000e-01;2.235800e-01;4.221121e+00;8.788223e-01;2.073843e+00;1.126584e+00;2.189309e+00;5.283707e-02;1.060999e+01;6.679949e+00;9.110349e+00;4.350039e+00;-5.889375e-02;2.068039e-01;2.413246e-02;-5.607255e-02;7.007311e-02;1.575815e-01;2.363514e-02;4.403512e-01;1.010028e+00;8.475276e-01;1.268229e+00;2.980000e-01;1.637070e-01;4.188665e+00;8.680086e-01;2.231181e+00;1.221153e+00;2.209029e+00;6.623182e-02;9.457093e+00;5.090980e+00;1.058984e+01;4.446323e+00;-5.219284e-02;2.016689e-01;2.405006e-02;-5.641174e-02;7.755415e-02;1.521488e-01;2.354671e-02;4.498343e-01;1.056433e+00;8.672510e-01;1.317281e+00;2.575000e-01;1.326885e-01;4.559884e+00;8.858218e-01;2.253681e+00;1.197248e+00;2.133293e+00;6.124510e-02;7.378688e+00;2.230790e+00;1.286681e+01;1.124529e+01;-5.556193e-02;1.938335e-01;2.199420e-02;-3.078778e-02;1.524996e-02;1.668069e-01;2.184427e-02;4.457202e-01;1.138546e+00;8.633755e-01;1.430615e+00;2.575000e-01;1.598241e-01;5.195725e+00;8.769324e-01;2.367463e+00;1.228917e+00;2.079373e+00;7.441856e-02;9.181602e+00;2.287557e+00;1.065479e+01;1.049533e+01;-5.583808e-02;2.024947e-01;1.998909e-02;-2.256726e-02;-3.933388e-03;1.826844e-01;1.990854e-02;4.419007e-01;1.114845e+00;9.251127e-01;1.259737e+00;3.380000e-01;1.972105e-01;3.469398e+00;8.131262e-01;1.987677e+00;8.728319e-01;1.782918e+00;8.547803e-02;5.631033e+00;2.547851e+00;6.098415e+00;8.466659e+00;-4.576355e-02;1.986480e-01;1.796781e-02;-1.084289e-02;-2.082491e-02;1.891298e-01;1.794922e-02;4.641204e-01;1.132095e+00;9.236454e-01;1.249136e+00;3.466667e-01;2.152131e-01;2.576941e+00;7.834316e-01;2.064454e+00;9.323586e-01;1.823569e+00;8.704888e-02;1.082948e+01;9.221740e+00;9.056194e+00;6.163288e+00;-3.703118e-02;2.263463e-01;2.514934e-02;-6.222343e-02;1.060827e-01;1.717245e-01;2.453693e-02;4.771240e-01;1.207448e+00;9.117189e-01;1.329697e+00;2.600000e-01;1.779747e-01;2.294552e+00;7.166951e-01;2.085907e+00;8.784587e-01;1.727534e+00;3.015210e-01;1.216149e+01;6.953312e+00;1.066203e+01;6.008092e+00;-4.179392e-02;2.883298e-01;2.948288e-02;-1.181305e-01;2.299063e-01;1.846309e-01;2.727559e-02;4.765036e-01;1.311578e+00;9.179918e-01;1.431910e+00;2.255556e-01;1.395628e-01;2.093388e+00;7.757375e-01;2.164137e+00;8.525591e-01;1.650025e+00;4.217463e-01;1.357786e+01;8.449009e+00;1.532544e+01;7.905172e+00;-1.261044e-01;4.208826e-01;3.826167e-02;-3.469851e-02;-4.629783e-02;3.904231e-01;3.807123e-02;4.478903e-01;1.216259e+00;9.491587e-01;1.278764e+00;2.462500e-01;1.633679e-01;9.868410e-01;5.429672e-01;1.858365e+00;6.421056e-01;1.527935e+00;5.300390e-01;8.301989e+00;3.996626e+00;9.356158e+00;5.368698e+00;-7.047588e-02;4.596152e-01;4.500208e-02;5.175043e-02;-1.895019e-01;5.050434e-01;4.457848e-02;4.775628e-01;1.196166e+00;9.470094e-01;1.257433e+00;2.525000e-01;1.519868e-01;9.574217e-01;5.609104e-01;1.725605e+00;5.294386e-01;1.442613e+00;5.440105e-01;7.431874e+00;3.150972e+00;8.570622e+00;5.812661e+00;-2.410058e-02;4.200414e-01;5.133679e-02;4.906600e-02;-1.369524e-01;4.631131e-01;5.095599e-02;4.912153e-01;1.192845e+00;9.687137e-01;1.232211e+00;2.180000e-01;1.347368e-01;1.006702e+00;7.108951e-01;1.531841e+00;3.389953e-01;1.284191e+00;5.890283e-01;8.163029e+00;5.043698e+00;7.994061e+00;3.940601e+00;-5.089064e-04;3.533569e-01;4.760384e-02;4.625640e-02;-1.068986e-01;3.939623e-01;4.726541e-02;4.977192e-01;1.348255e+00;9.530245e-01;1.418134e+00;2.785714e-01;1.813385e-01;1.873654e+00;8.138100e-01;2.034529e+00;6.862739e-01;1.509009e+00;4.234910e-01;1.050499e+01;7.623541e+00;6.377151e+00;4.543147e+00;-2.998453e-02;3.073010e-01;3.606969e-02;-4.470481e-02;7.283654e-02;2.680576e-01;3.575357e-02;4.879792e-01;1.459044e+00;9.250480e-01;1.594788e+00;4.800000e-01;2.654556e-01;2.752288e+00;6.377317e-01;3.152184e+00;1.693140e+00;2.160445e+00;2.145499e-01;8.806675e+00;3.537387e+00;1.129096e+01;1.494731e+01;-4.044220e-02;2.225500e-01;2.152902e-02;-1.344388e-02;-9.521274e-03;2.107485e-01;2.150043e-02;4.748081e-01;1.606832e+00;9.253988e-01;1.737334e+00;2.311111e-01;1.634656e-01;2.890860e+00;7.782346e-01;2.399735e+00;7.929032e-01;1.493457e+00;2.663544e-01;1.938556e+01;1.669949e+01;8.968957e+00;4.452806e+00;-3.297785e-02;3.094244e-01;3.114443e-02;1.356957e-01;-3.450778e-01;4.285426e-01;2.823193e-02;4.831601e-01;1.525547e+00;9.483935e-01;1.605056e+00;1.550000e-01;9.567429e-02;1.824430e+00;6.898460e-01;2.146821e+00;6.212745e-01;1.407247e+00;4.563463e-01;1.503714e+01;1.025739e+01;1.154104e+01;6.526735e+00;2.556917e-02;3.087808e-01;3.529658e-02;2.750847e-01;-6.071258e-01;5.502594e-01;2.332732e-02;5.063683e-01;1.370242e+00;9.683840e-01;1.411105e+00;1.460000e-01;9.367319e-02;1.281946e+00;8.575546e-01;1.697937e+00;3.276958e-01;1.239152e+00;5.285422e-01;7.988670e+00;4.115283e+00;9.030055e+00;5.100394e+00;2.964276e-02;3.881168e-01;5.046884e-02;2.170519e-01;-4.695765e-01;5.786521e-01;4.301703e-02;5.040607e-01;1.248981e+00;9.670276e-01;1.296035e+00;1.471429e-01;8.593424e-02;1.665659e+00;8.166013e-01;1.702726e+00;4.537441e-01;1.363291e+00;3.730214e-01;1.139214e+01;7.974405e+00;1.083814e+01;7.911337e+00;6.252214e-02;1.677935e-01;2.704423e-02;1.352110e-01;-2.484631e-01;2.864862e-01;2.415249e-02;5.174906e-01;1.119835e+00;9.229972e-01;1.223109e+00;1.584615e-01;9.610461e-02;2.023245e+00;8.500939e-01;1.673723e+00;5.538883e-01;1.494616e+00;4.550854e-01;1.250040e+01;8.270360e+00;1.071029e+01;9.649760e+00;2.393836e-02;2.172808e-01;4.246102e-02;2.103886e-01;-4.599554e-01;4.019670e-01;3.545971e-02;5.076292e-01;8.676025e-01;9.532110e-01;9.134286e-01;1.561538e-01;9.771957e-02;1.024057e+00;7.725032e-01;1.184251e+00;3.166481e-01;1.364969e+00;4.190734e-01;7.642088e+00;3.785269e+00;6.088458e+00;4.152751e+00;-4.579191e-02;3.283870e-01;4.551223e-02;1.514960e-01;-3.942327e-01;4.613752e-01;4.188197e-02;4.843671e-01;7.047676e-01;9.702318e-01;7.279830e-01;1.950000e-01;1.276127e-01;8.115772e-01;7.822556e-01;9.375378e-01;2.327702e-01;1.330279e+00;4.414259e-01;5.797968e+00;3.736615e+00;3.773721e+00;3.756494e+00;-5.696183e-02;3.469067e-01;2.945913e-02;-6.309467e-02;8.815591e-02;2.915201e-01;2.882945e-02;4.816941e-01;5.893639e-01;9.661485e-01;6.144047e-01;2.842857e-01;1.768084e-01;8.906144e-01;8.047013e-01;8.891299e-01;2.997661e-01;1.508626e+00;1.161773e-01;4.289101e+00;3.349725e+00;3.028672e+00;2.098889e+00;-5.262509e-02;2.742851e-01;2.337691e-02;-5.850563e-02;8.193786e-02;2.229269e-01;2.283549e-02;4.788122e-01;1.279148e-02;1.347815e-01;2.855243e-02;1.733333e-01;1.217466e-01;9.157051e-02;7.723503e-01;7.043345e-02;5.764198e-02;5.506280e+00;8.145888e-01;7.041866e-01;5.111138e-01;4.983606e-01;2.765258e-01;-4.903776e-02;1.635313e-01;4.528727e-02;-1.879265e-01;3.831933e-01;-1.436907e-03;3.970115e-02;4.103424e-01;4.555800e-03;2.353448e-01;9.910479e-03;2.650000e-01;2.059733e-01;4.440052e-02;8.238257e-01;3.162381e-02;2.706801e-02;6.941439e+00;2.292920e-01;4.364500e-01;3.636449e-01;2.580487e-01;2.685122e-01;-1.557797e-01;2.624964e-01;1.587679e-02;1.939940e-01;-6.019660e-01;4.327908e-01;9.924125e-03;1.430862e-01;5.474387e+02;4.780316e-01;9.494924e+02;1.950000e-01;1.375682e-01;9.479165e+02;3.105802e-01;2.538194e+03;1.990756e+03;4.636491e+00;6.075086e-01;2.163478e+04;1.324658e+04;1.894936e+04;2.416595e+04;-2.626081e-01;4.608870e-01;3.394347e-02;2.823642e-01;-9.120457e-01;7.087557e-01;2.133234e-02;2.160027e-01;8.931728e+02;5.268514e-01;1.397866e+03;2.700000e-01;1.824437e-01;3.333333e+03;7.785887e-01;2.285156e+03;1.391983e+03;2.558470e+00;5.182482e-01;1.695560e+04;1.751291e+04;2.682463e+04;1.666238e+04;-2.430773e-01;4.638323e-01;3.681008e-02;2.652564e-01;-8.531669e-01;6.966832e-01;2.568082e-02;2.735495e-01;1.691153e+03;5.813206e-01;2.321222e+03;1.881818e-01;2.724665e-01;3.531250e+03;6.780000e-01;3.676216e+03;1.985063e+03;2.173793e+00;7.300000e-01;5.320331e+04;4.266069e+04;7.472821e+04;4.144366e+04;-2.029188e-01;5.260580e-01;7.488526e-02;3.783652e-01;-1.073159e+00;8.581996e-01;5.224105e-02;3.775368e-01;2.743101e+03;6.738399e-01;3.334894e+03;1.841667e-01;1.343890e-01;3.895833e+03;7.096774e-01;4.516026e+03;1.772925e+03;1.646322e+00;6.944971e-01;5.431562e+04;3.767458e+04;5.084263e+04;2.744632e+04;-1.236679e-01;5.963692e-01;1.125575e-01;4.779441e-01;-1.222939e+00;1.015924e+00;7.642570e-02;4.501949e-01;7.164313e-02;8.948920e-01;7.908881e-02;1.500000e-01;9.365591e-02;1.309564e-01;8.266835e-01;1.118805e-01;4.023738e-02;1.561636e+00;6.384467e-01;9.296485e-01;5.741299e-01;8.724511e-01;4.875601e-01;-2.041787e-01;5.416765e-01;2.618580e-02;-1.291040e-02;-1.744847e-01;5.303432e-01;2.615944e-02;4.109303e-01;1.265772e+03;7.406527e-01;1.603532e+03;1.800000e-01;1.123307e-01;3.135238e+03;8.469957e-01;2.060117e+03;7.943453e+02;1.627558e+00;6.746212e-01;1.657147e+04;9.763939e+03;2.354379e+04;1.460020e+04;-2.197313e-01;5.237247e-01;4.926106e-02;3.655534e-01;-1.060504e+00;8.446197e-01;2.812439e-02;3.741415e-01;4.351038e+00;9.852170e-01;4.417740e+00;1.542857e-01;1.015442e-01;2.268404e+00;7.187738e-01;4.739755e+00;3.887172e-01;1.089339e+00;4.467610e-01;2.306230e+01;1.419312e+01;2.495502e+01;1.706276e+01;-1.790407e-01;6.554196e-01;4.447069e-02;1.269148e-01;-4.709447e-01;7.668297e-01;4.192292e-02;4.728372e-01;1.884520e+06;6.555985e-01;2328469;1.350000e-01;7.433034e-02;4235731;8.030063e-01;3571618;1.687098e+06;1.895240e+00;5.338544e-01;38833728;23199506;46972656;27893682;2.115068e-02;3.184813e-01;6.702203e-02;2.618721e-01;-5.811552e-01;5.483614e-01;5.617494e-02;5.092316e-01;3.196713e+00;4.982042e-01;4.417886e+00;1.460000e-01;9.981984e-02;9.613673e+00;7.247865e-01;7.160566e+00;3.963853e+00;2.239978e+00;4.902469e-01;9.037571e+01;5.052771e+01;5.977706e+01;4.084486e+01;8.716761e-02;1.912082e-01;4.947384e-02;-3.762236e-01;9.524820e-01;-1.390534e-01;2.708525e-02;5.611261e-01;2.733614e+01;3.906547e-01;4.779193e+01;1.471429e-01;9.687989e-02;1.822186e+02;8.453089e-01;1.148278e+02;8.749164e+01;4.200585e+00;2.795059e-01;1.517745e+03;1.232604e+03;1.346126e+03;9.141340e+02;2.814569e-02;8.868845e-02;3.272003e-02;-2.394326e-01;5.788406e-01;-1.214935e-01;2.365225e-02;5.405598e-01;-3.572374e-03;4.413413e-01;6.580288e-03;2.383333e-01;1.177214e-01;6.676875e-03;2.412552e-01;-1.399170e-03;2.173204e-03;3.916639e-01;8.236515e-01;8.521824e-02;5.166106e-02;1.372281e-01;9.322307e-02;6.162793e-02;7.980723e-01;3.818170e-02;1.548214e-01;-2.944613e-01;9.339797e-01;3.439033e-02;4.058990e-01;8.768673e-01;8.105400e-01;1.060846e+00;1.800000e-01;1.136182e-01;1.923954e+00;8.364286e-01;1.342507e+00;4.656399e-01;1.531027e+00;6.791007e-01;1.034985e+01;5.927026e+00;1.422775e+01;8.885582e+00;-2.279598e-01;5.431240e-01;4.427175e-02;3.379054e-01;-1.005142e+00;8.397486e-01;2.621145e-02;3.827255e-01;7.532531e-03;4.270665e-01;1.351810e-02;1.975000e-01;1.441353e-01;4.601022e-02;8.222457e-01;2.631364e-02;1.878111e-02;3.493333e+00;8.133530e-01;2.974344e-01;1.403595e-01;2.082236e-01;1.483272e-01;-1.117468e-01;2.561834e-01;3.468796e-02;-7.860201e-02;6.903783e-02;1.871839e-01;3.371072e-02;3.380382e-01;7.039458e+00;6.935938e-01;1.385107e+01;1.950000e-01;1.253994e-01;1.979806e+01;4.373448e-01;1.733017e+01;1.029071e+01;2.461861e+00;5.998873e-01;1.994880e+02;9.699061e+01;1.272167e+02;6.638097e+01;1.809340e-01;3.467905e-01;5.488167e-02;-3.894741e-01;1.076724e+00;4.897119e-03;3.088827e-02;4.937655e-01;1.626247e+01;7.209214e-01;1.874408e+01;2.020000e-01;1.127386e-01;2.627828e+01;6.948910e-01;2.367281e+01;7.410334e+00;1.455671e+00;7.338530e-01;1.337030e+02;5.129869e+01;1.755241e+02;1.131951e+02;2.345883e-01;2.644477e-01;3.627580e-02;-8.285580e-02;4.251566e-01;1.917141e-01;3.518993e-02;5.984972e-01;3.307321e+01;8.471828e-01;3.630917e+01;2.125000e-01;1.301441e-01;3.984621e+01;5.904089e-01;4.013432e+01;7.061108e+00;1.213499e+00;6.304297e-01;2.218581e+02;8.492993e+01;1.730076e+02;9.134936e+01;-7.731576e-02;6.600987e-01;4.663474e-02;3.408344e-01;-8.612350e-01;9.592946e-01;2.826000e-02;4.681754e-01;1.372361e+00;6.115859e-01;1.521298e+01;2.177778e-01;1.461523e-01;3.878249e+01;4.966364e-01;1.265112e+01;1.127876e+01;9.218503e+00;7.121363e-01;2.561490e+02;9.241344e+01;2.716014e+02;1.528924e+02;-8.068041e-02;6.664595e-01;3.474863e-02;2.390008e-02;-1.356506e-01;6.874397e-01;3.465827e-02;4.090401e-01;1.014767e+01;6.249879e-01;1.838861e+01;2.150000e-01;1.192686e-01;4.350445e+01;6.343917e-01;2.019661e+01;1.004895e+01;1.990272e+00;5.593266e-01;2.201529e+02;1.078710e+02;1.951077e+02;1.289308e+02;1.674156e-01;1.885643e-01;3.754286e-02;3.363870e-01;-6.062746e-01;4.838561e-01;1.964451e-02;6.500084e-01;-2.220794e+01;7.311140e-01;2.703211e+01;1.507692e-01;8.237955e-02;4.046917e+01;5.748689e-01;-9.448095e+00;1.275984e+01;4.254378e-01;6.042728e-01;2.944296e+02;1.185171e+02;3.352276e+02;2.327429e+02;3.736383e-02;4.509718e-01;4.731176e-02;-3.228568e-02;1.116209e-01;4.226304e-01;4.714688e-02;4.772809e-01;1.184106e+01;6.649878e-01;2.490119e+01;1.708333e-01;1.107017e-01;6.587963e+01;6.929352e-01;2.642908e+01;1.458802e+01;2.231986e+00;6.943902e-01;4.181935e+02;2.156653e+02;4.056916e+02;1.562869e+02;-1.679382e-01;6.163165e-01;4.054693e-02;3.661020e-01;-1.009973e+00;9.376931e-01;1.934678e-02;3.662055e-01;-5.144415e+00;7.197007e-01;1.348759e+01;1.216667e-01;7.169250e-02;4.152106e+01;7.398980e-01;3.938212e+00;9.082626e+00;-7.655315e-01;6.946732e-01;3.555932e+02;1.506091e+02;3.183500e+02;1.445871e+02;1.907600e-01;2.713937e-01;3.318141e-02;-9.097705e-02;4.000072e-01;1.915310e-01;3.187223e-02;4.244060e-01;-8.248350e+00;6.519148e-01;1.393535e+01;1.231250e-01;6.862773e-02;2.401917e+01;4.377393e-01;2.800692e+00;1.104904e+01;-3.395457e-01;7.850980e-01;2.598038e+02;1.644145e+02;3.142217e+02;1.333512e+02;9.258510e-02;4.920056e-01;3.809005e-02;-2.724497e-01;7.192196e-01;2.528402e-01;2.634899e-02;4.382119e-01;-1.974230e+00;6.516129e-01;1.263143e+01;1.090000e-01;6.753517e-02;4.331620e+01;7.336538e-01;8.333217e+00;1.030745e+01;-4.220996e+00;7.967596e-01;3.915259e+02;1.594018e+02;3.776864e+02;1.625771e+02;5.773239e-02;4.551428e-01;4.317039e-02;5.176527e-02;-6.132774e-02;5.005841e-01;4.274654e-02;3.909075e-01;3.644628e+00;6.652765e-01;1.450712e+01;1.350000e-01;8.979142e-02;5.202887e+01;8.198850e-01;1.213836e+01;8.493735e+00;3.330481e+00;7.321159e-01;2.847514e+02;1.093126e+02;3.056902e+02;1.567363e+02;-1.918788e-01;6.734552e-01;3.259119e-02;2.037735e-01;-6.605580e-01;8.523344e-01;2.602323e-02;3.808426e-01;-1.108024e+00;5.836386e-01;1.443971e+01;1.550000e-01;9.522530e-02;5.790284e+01;7.671303e-01;8.618984e+00;9.727009e+00;-7.778697e+00;7.831066e-01;3.843225e+02;1.840571e+02;2.266456e+02;1.372528e+02;1.277520e-01;3.714330e-01;2.912512e-02;-1.879300e-01;5.599911e-01;2.064618e-01;2.353878e-02;4.613568e-01;1.644363e+00;6.753007e-01;1.183699e+01;1.356250e-01;8.230802e-02;4.442046e+01;7.965366e-01;8.023578e+00;6.379215e+00;4.879445e+00;4.136123e-01;2.788936e+02;1.150559e+02;2.785445e+02;1.288400e+02;1.571982e-03;3.490967e-01;4.418288e-02;-3.415254e-01;7.870803e-01;4.929437e-02;2.573355e-02;5.408458e-01;1.854650e+00;6.291439e-01;7.717289e+00;1.183333e-01;7.276928e-02;1.807866e+01;4.165570e-01;8.930701e+00;7.076052e+00;4.815303e+00;7.512612e-01;2.575766e+02;1.117666e+02;2.611954e+02;1.023018e+02;-8.437623e-02;6.755840e-01;2.662692e-02;1.940525e-01;-5.306969e-01;8.459297e-01;2.067067e-02;4.228145e-01;6.279746e-01;1.328190e-02;1.720736e-02;1.288235e-01;7.125664e-02;6.425305e-02;5.444456e-01;1.974576e-02;2.044470e-02;-1.589903e+01;3.752719e-01;5.931586e-01;3.394897e-01;6.539137e-01;3.351602e-01;5.494280e-01;4.314917e-02;6.095708e-02;1.350000e-01;8.330237e-02;2.653673e-01;6.046953e-01;7.068410e-02;7.067931e-02;20;3.018900e-01;1.933957e+00;1.066027e+00;2.231100e+00;1.539999e+00;4.462575e-01;1.033679e-03;1.404682e-03;1.758333e-01;9.498172e-02;4.746712e-03;4.996029e-01;2.065244e-03;2.087232e-03;-1.927902e+01;4.124811e-01;4.740830e-02;3.675017e-02;6.757928e-02;4.043385e-02;6.182699e-01;9.781073e-03;1.336843e-02;1.366667e-01;7.868361e-02;3.395833e-02;4.699663e-01;1.643229e-02;1.657619e-02;-1.951871e+01;4.334455e-01;5.803243e-01;2.973951e-01;5.339130e-01;3.528934e-01;6.887071e-01;6.114281e-03;7.408961e-03;1.131579e-01;6.437425e-02;2.822786e-02;6.528599e-01;8.084084e-03;8.147696e-03;-1.962093e+01;3.694960e-01;3.342108e-01;1.407358e-01;2.828411e-01;1.743308e-01;6.202446e-01;1.157650e-02;1.497779e-02;1.194444e-01;6.949776e-02;4.054023e-02;4.519274e-01;1.859930e-02;1.863097e-02;-1.999802e+01;6.148000e-01;7.016847e-01;4.233960e-01;6.381075e-01;2.860854e-01;5.293193e-01;2.774953e-02;4.032529e-02;1.800000e-01;1.051838e-01;1.496105e-01;4.767687e-01;6.132932e-02;6.137310e-02;-1.999999e+01;4.015537e-01;1.511697e+00;1.218958e+00;1.570072e+00;1.046404e+00;3.955815e-01;7.154746e-02;1.096780e-01;2.850000e-01;1.850000e-01;5.419726e-01;5.785323e-01;2.380880e-01;2.377094e-01;1.999859e+01;2.992150e-01;2.684620e+00;2.364673e+00;5.226473e+00;2.707334e+00;3.549033e-01;1.021759e-01;1.746193e-01;2.833333e-01;1.949359e-01;9.487783e-01;5.908327e-01;3.434556e-01;3.434696e-01;-20;3.433942e-01;4.106996e+00;3.389819e+00;1.012885e+01;7.251208e+00;4.632314e-01;9.287867e-02;1.564042e-01;3.280000e-01;1.673679e-01;7.760280e-01;5.712145e-01;3.055899e-01;3.057537e-01;-20;2.882449e-01;2.509838e+00;1.853730e+00;8.030738e+00;6.226926e+00;4.382605e-01;9.555458e-02;1.672549e-01;2.980000e-01;1.201166e-01;8.188243e-01;5.442803e-01;3.131091e-01;3.136084e-01;-1.999857e+01;3.105294e-01;2.554282e+00;1.489039e+00;9.083858e+00;6.914299e+00;4.156334e-01;7.597184e-02;1.555110e-01;2.550000e-01;1.190588e-01;6.274149e-01;4.355617e-01;2.393309e-01;2.396219e-01;-1.999967e+01;4.601744e-01;1.893586e+00;9.093880e-01;6.641636e+00;7.039390e+00;3.923936e-01;7.903742e-02;1.736254e-01;2.500000e-01;1.238951e-01;7.571481e-01;4.776826e-01;2.787086e-01;2.785444e-01;2.000000e+01;4.207638e-01;2.367775e+00;1.500526e+00;7.040675e+00;9.720545e+00;4.583897e-01;8.484598e-02;1.451279e-01;3.316667e-01;1.676057e-01;8.085489e-01;5.176991e-01;2.292184e-01;2.287689e-01;1.999614e+01;3.992689e-01;1.878011e+00;1.388731e+00;5.410469e+00;8.105061e+00;4.727498e-01;8.877771e-02;1.404720e-01;2.080000e-01;1.077590e-01;7.638736e-01;5.986385e-01;1.925223e-01;1.922828e-01;1.999962e+01;3.973170e-01;3.785915e+00;3.358201e+00;7.100084e+00;6.820790e+00;4.933539e-01;9.635999e-02;1.429697e-01;1.890909e-01;1.418794e-01;5.248203e-01;5.247678e-01;1.908884e-01;1.907203e-01;1.999996e+01;3.778086e-01;4.754318e+00;3.905616e+00;8.176413e+00;3.568925e+00;4.896194e-01;9.080155e-02;1.295667e-01;1.400000e-01;8.820430e-02;4.890205e-01;6.424639e-01;1.441063e-01;1.443781e-01;-1.999677e+01;3.985153e-01;4.857492e+00;3.513974e+00;5.817180e+00;4.029146e+00;5.891959e-01;7.042465e-02;8.679760e-02;1.281250e-01;7.272325e-02;3.055497e-01;5.815363e-01;9.033506e-02;9.102268e-02;-1.964898e+01;4.173958e-01;2.759924e+00;1.386288e+00;3.850110e+00;3.254346e+00;6.249602e-01;6.286221e-02;8.391905e-02;1.653846e-01;9.945116e-02;2.521954e-01;5.303861e-01;9.356227e-02;9.374741e-02;-1.999598e+01;4.485100e-01;2.718773e+00;1.617783e+00;3.369824e+00;2.017895e+00;6.005949e-01;6.173217e-02;7.526904e-02;1.276471e-01;7.159092e-02;2.896690e-01;5.895364e-01;9.071445e-02;9.018994e-02;1.982357e+01;4.261000e-01;3.514364e+00;1.749202e+00;3.250356e+00;2.212677e+00;5.575837e-01;7.339572e-02;9.558464e-02;1.393333e-01;6.507090e-02;4.243136e-01;6.064864e-01;1.105518e-01;1.122025e-01;-1.867478e+01;3.746183e-01;3.175226e+00;1.813709e+00;4.479769e+00;4.010220e+00;4.955954e-01;9.516135e-02;1.628827e-01;3.920000e-01;2.137849e-01;9.161656e-01;4.921301e-01;3.396216e-01;3.410368e-01;-1.993190e+01;4.095129e-01;2.457950e+00;1.838307e+00;1.096930e+01;1.537057e+01;5.141728e-01;1.168006e-01;1.649775e-01;1.825000e-01;1.251749e-01;8.908296e-01;5.388352e-01;2.249770e-01;2.238727e-01;1.988827e+01;4.197418e-01;5.688327e+00;3.263714e+00;7.338315e+00;9.947016e+00;6.183580e-01;9.683376e-02;1.299904e-01;1.368750e-01;7.813500e-02;5.590710e-01;5.053077e-01;1.823802e-01;1.790199e-01;1.816331e+01;3.876488e-01;6.084164e+00;3.378834e+00;6.325594e+00;6.183761e+00;6.365354e-01;6.471859e-02;8.351526e-02;1.216667e-01;6.136564e-02;1.973696e-01;4.314005e-01;1.091577e-01;1.066081e-01;1.745599e+01;4.332948e-01;3.745647e+00;2.080081e+00;4.120235e+00;2.716103e+00;5.927323e-01;7.004381e-02;1.032609e-01;1.287500e-01;7.275816e-02;4.145472e-01;5.156965e-01;1.398374e-01;1.406239e-01;-1.983619e+01;3.949032e-01;4.935482e+00;3.881172e+00;5.157602e+00;3.951593e+00;5.424300e-01;8.228893e-02;1.189428e-01;1.478571e-01;8.056243e-02;5.506344e-01;6.134487e-01;1.640456e-01;1.653222e-01;-1.963046e+01;3.342128e-01;5.307283e+00;4.887729e+00;6.468352e+00;6.015837e+00;5.888623e-01;5.539398e-02;6.923588e-02;1.584615e-01;9.128278e-02;1.715363e-01;4.287851e-01;1.039845e-01;1.047017e-01;-1.972272e+01;3.653564e-01;3.070685e+00;1.998257e+00;3.474280e+00;2.197979e+00;5.564914e-01;3.717774e-02;4.756447e-02;1.625000e-01;9.610108e-02;1.590139e-01;4.294725e-01;6.867404e-02;6.911841e-02;-1.976349e+01;5.133124e-01;1.847214e+00;1.751060e+00;2.448539e+00;2.355395e+00;5.147135e-01;3.254122e-02;5.135647e-02;2.212500e-01;1.028576e-01;2.327432e-01;4.733099e-01;8.520894e-02;8.548068e-02;-1.997230e+01;4.372850e-01;1.317718e+00;7.971104e-01;3.117398e+00;3.465060e+00;1.154395e-01;3.349783e-03;5.681068e-03;1.783333e-01;1.132475e-01;1.529695e-02;3.486405e-01;1.207046e-02;1.207358e-02;-20;5.009454e-01;2.381364e-01;2.211552e-01;4.840178e-01;2.774763e-01;2.170638e-01;7.244641e-04;1.625934e-03;3.100000e-01;2.491485e-01;1.068531e-02;6.144502e-01;4.400604e-03;4.424690e-03;-1.984799e+01;2.716604e-01;1.700486e-01;2.038306e-01;1.412914e-01;1.430122e-01;3.583570e-01;4.056604e+01;8.829883e+01;3.925000e-01;2.738727e-01;600;6.247289e-01;1.897917e+02;1.898735e+02;-20;3.427332e-01;5.862734e+03;6.732564e+03;9.140837e+03;8.677899e+03;2.879485e-01;1.162234e+02;1.693711e+02;2.000000e-01;1.134019e-01;6.197916e+02;5.938123e-01;2.646780e+02;2.679531e+02;-1.904218e+01;4.251497e-01;5.340574e+03;2.869470e+03;1.391725e+04;8.301082e+03;3.150981e-01;2.257254e+02;3.620449e+02;1.708333e-01;1.592190e-01;1.204167e+03;4.938060e-01;6.121795e+02;6.122932e+02;-20;5.224263e-01;1.996596e+04;1.421626e+04;2.866471e+04;1.887080e+04;3.698310e-01;3.019444e+02;4.213922e+02;1.535714e-01;9.078174e-02;1.153125e+03;4.262610e-01;6.816667e+02;6.754395e+02;1.947285e+01;5.102041e-01;2.182967e+04;1.713293e+04;3.093919e+04;1.611978e+04;5.835714e-01;5.387712e-03;7.054254e-03;1.163158e-01;6.677162e-02;2.256749e-02;5.170659e-01;9.563627e-03;9.502726e-03;1.977293e+01;4.705302e-01;3.886359e-01;2.308933e-01;3.646637e-01;2.457530e-01;5.116120e-01;1.059488e+02;1.557268e+02;1.281250e-01;8.150201e-02;5.841686e+02;6.037174e-01;2.050821e+02;2.051767e+02;-20;4.800742e-01;7.296138e+03;5.214266e+03;9.978887e+03;7.437966e+03;5.847953e-01;1.155565e-01;1.740859e-01;1.131579e-01;6.549407e-02;4.990897e-01;4.118640e-01;2.110588e-01;2.127130e-01;-1.962435e+01;5.302539e-01;1.025246e+01;4.660720e+00;9.761520e+00;6.732410e+00;5.183950e-01;2.388269e+05;3.720033e+05;1.343750e-01;8.010978e-02;9.575966e+05;3.943048e-01;527806;5.229622e+05;1.946770e+01;5.531672e-01;18178904;13442553;25776856;15395096;4.740298e-01;4.975148e-01;6.515415e-01;1.360000e-01;1.050270e-01;2.961972e+00;6.887478e-01;8.922781e-01;8.920207e-01;20;3.798488e-01;3.365980e+01;2.161448e+01;3.293563e+01;2.233967e+01;2.205697e-01;6.035019e+00;1.093021e+01;1.337500e-01;6.450533e-02;4.523375e+01;4.959248e-01;2.110084e+01;2.110504e+01;-20;4.047826e-01;5.135363e+02;4.874721e+02;8.792985e+02;6.578657e+02;2.870238e-01;5.444791e-04;1.167060e-03;2.466667e-01;1.896048e-01;4.751244e-03;5.125408e-01;2.093745e-03;2.088404e-03;1.998812e+01;4.067168e-01;7.099284e-02;4.441337e-02;3.911617e-02;4.001381e-02;5.523970e-01;6.668873e-02;9.441511e-02;1.281250e-01;8.572075e-02;3.555790e-01;5.969548e-01;1.260641e-01;1.264483e-01;-1.997651e+01;4.684518e-01;4.708525e+00;3.378175e+00;5.795994e+00;4.393980e+00;2.765695e-01;1.605671e-03;2.385166e-03;1.962500e-01;1.385133e-01;7.425106e-03;3.591198e-01;4.173388e-03;4.186455e-03;-1.997408e+01;4.989416e-01;1.068247e-01;7.685401e-02;1.880458e-01;9.189772e-02;5.922527e-01;1.466222e+00;1.778332e+00;1.131579e-01;6.842307e-02;7.479727e+00;6.511476e-01;1.996408e+00;1.962390e+00;1.836612e+01;4.679553e-01;7.821717e+01;5.527087e+01;6.029320e+01;3.062067e+01;7.108279e-01;9.939808e-01;1.297565e+00;1.023810e-01;5.552062e-02;3.336279e+00;4.612994e-01;1.416820e+00;1.350393e+00;1.463887e+01;6.767571e-01;6.296613e+01;3.317347e+01;5.793164e+01;2.744241e+01;5.945326e-01;1.648234e+00;2.283057e+00;1.453333e-01;7.340300e-02;5.662596e+00;4.105613e-01;2.678318e+00;2.704399e+00;-1.939748e+01;6.609616e-01;7.179862e+01;2.878406e+01;9.143378e+01;2.995355e+01;6.949113e-01;1.937606e+00;2.438137e+00;1.133333e-01;6.966852e-02;5.504982e+00;3.936484e-01;2.751125e+00;2.911151e+00;-1.356111e+01;7.081273e-01;1.127571e+02;6.929393e+01;1.129564e+02;5.572405e+01;6.390018e-01;1.710967e+00;2.232270e+00;8.720000e-02;4.713555e-02;6.280440e+00;5.387154e-01;2.409177e+00;2.249614e+00;1.285725e+01;5.571305e-01;1.123882e+02;5.275672e+01;9.105447e+01;5.039841e+01;6.316456e-01;2.402993e+00;3.265864e+00;1.042857e-01;5.899960e-02;8.679515e+00;4.320250e-01;3.153691e+00;3.179871e+00;-1.957214e+01;5.492693e-01;1.425603e+02;7.054922e+01;1.285838e+02;9.020818e+01;6.976663e-01;2.554056e+00;3.387994e+00;1.030000e-01;6.118006e-02;7.302597e+00;3.890899e-01;3.780690e+00;3.945549e+00;-1.497921e+01;5.354661e-01;1.691090e+02;7.175307e+01;2.057842e+02;1.038308e+02;6.600019e-01;2.040323e+00;2.588854e+00;8.148149e-02;4.346135e-02;7.284527e+00;5.213484e-01;3.010777e+00;2.859233e+00;1.429525e+01;5.457647e-01;1.484492e+02;6.887475e+01;1.386703e+02;7.101299e+01;6.094551e-01;2.006066e+00;2.509377e+00;8.038461e-02;3.995004e-02;8.045664e+00;6.011593e-01;2.638618e+00;2.699247e+00;-1.750932e+01;4.654451e-01;1.177736e+02;5.725365e+01;1.437489e+02;7.242441e+01;6.656883e-01;2.197663e+00;2.768210e+00;9.590909e-02;5.146811e-02;5.487879e+00;3.863490e-01;3.339459e+00;3.321751e+00;1.986076e+01;6.173118e-01;1.535036e+02;6.416238e+01;1.611068e+02;7.807430e+01;6.192415e-01;1.770220e+00;2.159332e+00;8.640000e-02;4.740127e-02;5.458872e+00;4.809968e-01;2.732965e+00;2.722688e+00;1.995112e+01;6.875594e-01;1.259170e+02;5.942782e+01;1.224633e+02;6.456316e+01;6.115434e-01;2.081208e+00;2.455283e+00;9.772727e-02;5.269003e-02;6.830116e+00;6.114650e-01;2.800049e+00;2.765898e+00;1.906709e+01;3.801877e-01;1.315873e+02;7.014326e+01;1.207410e+02;6.142304e+01;6.681432e-01;1.772467e+00;2.297827e+00;9.434783e-02;5.407409e-02;6.465411e+00;4.636564e-01;2.568169e+00;2.533530e+00;1.888377e+01;5.634249e-01;1.296814e+02;5.426502e+01;9.994765e+01;5.411589e+01;6.975524e-01;1.532899e+00;2.009141e+00;8.875000e-02;5.218656e-02;5.714411e+00;5.461774e-01;2.278347e+00;2.293013e+00;-1.976659e+01;6.498258e-01;1.231021e+02;7.450222e+01;1.012014e+02;4.914036e+01
